version: 1
creator: callgrind-3.11.0
pid: 8750
cmd:  ./lab2s 1024 100000
part: 1


desc: I1 cache: 
desc: D1 cache: 
desc: LL cache: 

desc: Timerange: Basic block 0 - 36060407
desc: Trigger: Program termination

positions: line
events: Ir
summary: 921080056


ob=(1) /lib/x86_64-linux-gnu/ld-2.23.so
fl=(44) /build/glibc-Cl5G7W/glibc-2.23/elf/dl-version.c
fn=(154) _dl_check_all_versions
380 5
+4 7
+2 28
cfn=(156) _dl_check_map_versions
calls=4 189 
* 3022
-2 4
+2 12
-1 4
-1 8
+5 7

fn=(158) match_symbol
76 66
+9 6
-8 6
-1 12
+1 6
+8 6
+6 18
+15 6
+1 12
+2 6
+5 12
+14 98
+12 129
+4 43
-30 86
+19 30
cfi=(19) /build/glibc-Cl5G7W/glibc-2.23/string/../sysdeps/x86_64/multiarch/../strcmp.S
cfn=(54) strcmp
calls=6 +11 
* 153
* 12
+35 48

fn=(156)
189 12
-15 36
+17 4
+3 12
-3 4
+2 4
+1 4
+2 4
-3 4
+3 4
+3 4
+4 2
-4 2
+4 8
+17 2
56 4
220 2
56 10
+1 5
-1 10
+2 21
cfi=(34) /build/glibc-Cl5G7W/glibc-2.23/elf/dl-misc.c
cfn=(106) _dl_name_match_p
calls=7 288 
* 757
* 16
228 6
+5 16
+19 4
-15 102
cfn=(158)
calls=4 76 
* 573
* 8
cfn=(158)
calls=2 76 
* 182
* 6
+7 36
+3 18
+9 12
+14 4
+3 8
+10 28
-7 112
+3 84
-3 8
+3 6
+8 9
+87 8
-81 12
cfi=(17) /build/glibc-Cl5G7W/glibc-2.23/elf/dl-minimal.c
cfn=(36) calloc
calls=3 103 
* 114
* 3
+1 3
-2 3
+2 3
+11 3
+2 3
-5 3
+3 3
+2 3
-2 3
+2 3
+3 8
+4 6
+18 4
-15 12
+2 12
-2 6
+2 6
+2 6
+1 6
-1 12
+1 6
-1 6
+1 6
+1 6
-2 6
+2 12
+1 18
+3 18
+8 6
+10 9
+3 8
+20 28
-14 60
-2 28
+7 56
+1 28
-1 84
+1 28
-1 28
+1 28
+1 28
+3 90
+10 27
183 2
-8 2
+95 4
-80 2

fl=(7) /build/glibc-Cl5G7W/glibc-2.23/elf/../elf/dl-sysdep.c
fn=(12) _dl_sysdep_start
86 8
+25 1
-1 1
+1 246
+6 1
-3 1
+1 1
-4 1
+3 1
+3 4
+1 2
-1 25
+1 108
-1 106
+62 1
+1 1
-1 1
+1 1
-29 1
+1 2
+11 1
+1 1
-1 1
+1 1
-7 1
+1 1
-1 1
+1 1
-4 1
+1 2
-25 1
+1 2
-4 1
+1 2
-7 1
+1 1
+2 1
+1 1
fi=(9) /build/glibc-Cl5G7W/glibc-2.23/elf/../sysdeps/unix/sysv/linux/dl-sysdep.c
-90 2
cfi=(10) /build/glibc-Cl5G7W/glibc-2.23/elf/../sysdeps/unix/sysv/linux/x86_64/brk.c
cfn=(18) brk
calls=1 -4 
* 11
fi=(5) /build/glibc-Cl5G7W/glibc-2.23/elf/../sysdeps/x86_64/dl-machine.h
223 5
fi=(8) /build/glibc-Cl5G7W/glibc-2.23/elf/../sysdeps/x86/cpu-features.c
61 2
+3 1
-3 1
+3 9
175 3
+1 1
+3 2
+1 1
+2 2
+1 7
+7 3
+4 2
+2 4
+51 2
fe=(7)
-16 1
fi=(8)
+27 1
+1 1
+1 1
fe=(7)
-29 1
+1 1
cfi=(11) /build/glibc-Cl5G7W/glibc-2.23/string/../sysdeps/x86_64/strlen.S
cfn=(22) strlen
calls=1 66 
* 32
* 1
+2 2
cfi=(12) /build/glibc-Cl5G7W/glibc-2.23/elf/../misc/sbrk.c
cfn=(24) sbrk
calls=1 34 
* 17
* 3
+12 3
+3 5
cfi=(2) /build/glibc-Cl5G7W/glibc-2.23/elf/rtld.c
cfn=(26) dl_main
calls=1 790 
* 87388
+1 1
+1 8
fi=(8)
-4 2
+1 2
+4 2
-52 2
+1 1
+6 3
+2 1
+3 3
+16 2
+1 1
+2 2
29 2
+4 1
-4 1
+5 1
-1 1
+2 1
-1 1
+1 1
-2 1
+1 1
+1 1
+1 1
-7 2
+3 1
+4 1
+5 1
+32 2
-32 1
+27 1
+5 1
+3 1
+1 8
+57 2
-66 2
+44 2
248 2
+3 2
fe=(7)

fn=(204) _dl_sysdep_start_cleanup
256 1

fl=(19)
fn=(54)
144 210
+1 210
+2 210
+1 210
+21 210
+1 210
+1 160
+1 160
+1 155
+1 155
+1 155
+1 155
+21 155
+1 155
+1 155
+1 155
+1 155
+1 155
+1 155
+5 5
+1 5
+9 5
+1 5
+1 5
+1 5
+1 5
+1 5
+1 5
+1 5
-7 55
+1 55
+1 55
+1 55
+1 55
+1 55
+1 55
+1 55
+1 57
+1 48
+1 48
+1 48
+2 48
+1 48
+1 48
+1 48
+1 48
+1 48
-5 9
+1 9
+1 9
+1 9
+1 9
+1 9
+10 3
+1 3
+1 3
+2 3
+6 3
+1 3
+1 3
+1 3
+1 3
+5 3
946 2
+1 2
+1 2
+1 2
+1 2
+2 2
+1 2
+1 2
+1 2
+1 2
+1 2
+1 2
+1 2
+4 2
+1 2
+1 2
+6 2
+1 2
+1 4
+4 2
+1 2
+3 2
+1 2
+1 2
+3 2
+1 2
+1 2
+6 2
+1 2
+1 2
+1 2
+1 2
+1 2
1196 4
+1 4
+1 4
+1 4
+1 4
+2 4
+1 4
+1 4
+1 4
+1 4
+1 4
+1 4
1321 19
+1 19
+1 19
+1 19
+1 19
+2 19
+1 19
+1 19
+1 19
+1 19
+1 19
+1 19
1571 2
+1 2
+1 2
+1 2
+1 2
+2 2
+1 2
+1 2
+1 2
+1 2
+1 2
+1 2
1696 1
+1 1
+1 1
+1 1
+1 1
+2 1
+1 1
+1 1
+1 1
+1 1
+1 1
+1 1
1821 4
+1 4
+1 4
+1 4
+1 4
+2 4
+1 4
+1 4
+1 4
+1 4
+1 4
+1 4
+1 4
+4 4
+1 4
+1 4
+6 4
+1 4
+1 8
+4 4
+1 4
+3 4
+1 4
+1 4
+3 4
+1 4
+1 4
+6 4
+1 4
+1 4
+1 4
+1 4
+1 4
+72 1
+1 1
+1 1
+1 1
+1 1
+2 1
+1 1
+1 1
+1 1
+1 1
+1 1
+1 1
+1 1
+4 1
+1 1
+1 1
+6 1
+1 1
+1 2
+4 1
+1 1
+3 1
+1 1
+1 1
+3 1
+1 1
+1 1
+6 1
+1 1
+1 1
+1 1
+1 1
+1 1
+72 24
+1 24
+1 24
+1 24
+1 24
+2 24
+1 24
+1 24
+1 24
+1 24
+1 24
+1 24
2200 7
+2 7
+1 7
+1 7
+1 7
-3 53
+1 53
+1 53
+1 53
+1 144
+5 48
+6 48
+1 48
+8 48
+1 48
-16 162
+6 162
+1 162
+8 162
+1 162

fl=(67) /build/glibc-Cl5G7W/glibc-2.23/elf/../elf/dl-runtime.c
fn=(262) _dl_fixup
66 20
+5 20
-5 10
+3 20
+3 10
-1 20
-3 10
+5 60
+1 10
-1 10
+1 20
+5 20
+4 20
+4 30
+4 10
+1 50
+2 40
+7 20
-1 10
+1 10
+10 90
cfi=(6) /build/glibc-Cl5G7W/glibc-2.23/elf/dl-lookup.c
cfn=(172) _dl_lookup_symbol_x
calls=10 806 
* 7818
* 10
+4 50
+10 60
+16 10
-8 10
+8 30
+4 30
fi=(5)
+90 10
fe=(67)
-86 30

fl=(29) /build/glibc-Cl5G7W/glibc-2.23/elf/dl-debug.c
fn=(90) _dl_debug_state
74 2

fn=(86) _dl_debug_initialize
50 8
+5 6
+5 2
-1 1
+1 2
+1 2
-1 1
+4 1
-13 4
+4 8
+4 1
-1 1
-58 4

fl=(1) ???
fn=(0) 0x0000000000000c30
0 2
cfi=(2)
cfn=(2) _dl_start
calls=1 353 
0 88769
0 14
cfi=(54) /build/glibc-Cl5G7W/glibc-2.23/elf/dl-init.c
cfn=(212) _dl_init
calls=1 80 
0 1610
0 3
cob=(5) /home/v/Documents/Eurecom/CompMeth/assignment2/work/lab2s
cfi=(65) ???
cfn=(252) _start
calls=1 0 
0 920989658

fl=(36) /build/glibc-Cl5G7W/glibc-2.23/io/../sysdeps/unix/sysv/linux/wordsize-64/fxstat.c
fn=(120) _fxstat
34 3
-1 3
+1 3
+1 18
+4 3

fl=(107) /build/glibc-Cl5G7W/glibc-2.23/elf/dl-fini.c
fn=(496) _dl_fini
130 8
+17 1
+3 15
+3 2
cfi=(2)
cfn=(50) rtld_lock_default_lock_recursive
calls=1 704 
* 2
+2 1
+3 2
+2 6
+8 1
-3 1
+3 8
+7 8
+2 8
+2 4
+1 4
+5 4
-6 4
-6 4
+8 4
-8 9
+14 9
+1 2
+4 1
31 1
+2 1
192 1
33 1
+6 1
-1 1
+2 1
-2 2
+1 8
+1 1
cfi=(26) /build/glibc-Cl5G7W/glibc-2.23/string/../sysdeps/x86_64/multiarch/../memset.S
cfn=(72) memset
calls=1 +13 
* 15
* 1
+77 15
+3 16
cfi=(26)
cfn=(72)
calls=2 -67 
* 37
* 6
-76 9
+1 9
+4 12
+6 6
+1 6
+2 15
+1 7
+2 9
+1 6
201 3
cfi=(2)
cfn=(52) rtld_lock_default_unlock_recursive
calls=1 710 
* 2
+5 3
81 4
208 1
+2 3
-2 3
+2 9
+3 8
+3 12
+4 4
+9 2
+3 2
-3 2
+3 4
+2 8
+1 4
cob=(4) /usr/lib/valgrind/vgpreload_core-amd64-linux.so
cfi=(55) ???
cfn=(510) 0x0000000000000610
calls=1 0 
* 78
cob=(5)
cfi=(65)
cfn=(498) 0x0000000000400810
calls=1 0 
* 16
-1 8
+5 4
+1 6
cob=(2) ???
cfi=(16) ???
cfn=(530) 0x0000000004a287b8
calls=1 0 
* 3
cob=(2)
cfi=(16)
cfn=(508) 0x0000000000400da4
calls=1 0 
* 3
+6 24
+16 8
-56 11
+11 6
92 9
+21 3
-57 8
268 4
+2 1
-2 2
+6 2
+7 8

fl=(41) /build/glibc-Cl5G7W/glibc-2.23/elf/dl-deps.c
fn=(136) openaux
60 4
+7 2
-4 22
cfi=(22) /build/glibc-Cl5G7W/glibc-2.23/elf/dl-load.c
cfn=(104) _dl_map_object
calls=2 2189 
* 5364
* 2
+5 4

fn=(134) _dl_map_object_deps
161 1
-1 1
+1 1
-1 4
+1 1
-1 2
+1 1
-1 2
+1 1
-1 2
+1 3
-15 1
+15 1
-17 1
+1 1
+1 1
+6 4
+26 1
-26 1
+26 7
-34 1
+2 1
+33 2
-33 1
-2 1
+2 2
-2 1
+1 1
+1 1
+6 3
+26 1
-26 1
+26 5
+4 1
+21 1
+1 1
-22 2
+19 1
-12 1
+15 1
-16 2
+13 1
317 9
217 1
-4 1
-4 1
+8 4
-4 3
-4 3
+8 3
+12 8
+2 2
+11 2
-5 2
-6 4
+5 2
+2 4
+1 4
+3 14
+50 6
+1 3
-51 192
+1 96
+6 10
cfi=(27) /build/glibc-Cl5G7W/glibc-2.23/string/../sysdeps/x86_64/multiarch/../strchr.S
cfn=(74) index
calls=2 24 
* 70
* 4
+5 10
-3 2
+3 2
cfi=(32) /build/glibc-Cl5G7W/glibc-2.23/elf/dl-error.c
cfn=(96) _dl_catch_error
calls=2 -91 
* 5522
+2 6
+15 2
+2 4
+5 2
+6 2
+2 2
-8 4
+3 2
+1 2
+1 2
+1 2
+4 12
+7 138
459 12
+2 6
+2 6
cfi=(17)
cfn=(40) malloc
calls=2 94 
* 58
* 2
+2 2
-2 2
+2 2
+4 8
-1 2
+1 2
cfi=(18) /build/glibc-Cl5G7W/glibc-2.23/string/../sysdeps/x86_64/multiarch/../memcpy.S
cfn=(46) memcpy
calls=2 61 
* 41
+1 10
cfi=(18)
cfn=(46)
calls=2 61 
* 41
+4 2
-1 2
+5 22
+7 6
+1 1
+3 5
+10 4
cfi=(17)
cfn=(40)
calls=1 94 
* 29
* 1
+3 1
-3 1
+3 1
+5 6
+1 1
-1 3
+1 2
+8 2
+4 3
-4 1
-6 3
-2 3
+8 6
+4 9
-4 3
-6 9
+13 3
+51 3
+2 3
+42 1
-4 1
+5 2
-1 4
+1 2
cfi=(26)
cfn=(72)
calls=1 53 
* 15
* 1
-2 9
+7 1
-1 1
+1 1
-1 2
+7 1
-7 1
+7 2
-13 2
+7 2
-1 2
+1 2
-1 4
+7 2
-7 2
+7 6
+2 8
+1 4
-1 4
+1 3
+2 9
+1 6
+28 18
cfi=(26)
cfn=(72)
calls=2 53 
* 37
* 10
-6 3
-28 6
+31 10
-6 2
+16 2
+2 1
+1 1
-1 1
+2 3
+7 3
+3 3
+3 8
481 9
-1 4
+1 9
202 2
+27 8
-19 4
+8 25
+2 2
+2 8
+2 30
338 6
611 8
cfi=(18)
cfn=(46)
calls=1 61 
* 28
+2 1
-38 1
+38 1
209 2

fl=(54)
fn=(212)
80 11
+1 1
+1 1
+3 3
+8 2
+1 2
+25 15
+1 12
-90 20
cfn=(214) call_init.part.0
calls=3 -2 
* 1450
* 3
+96 8
-96 2
+58 2
+16 1
cfn=(214)
calls=1 -76 
* 76
* 1

fn=(214)
28 20
+8 4
+3 4
-3 8
+3 12
+5 21
+5 4
+9 12
cob=(3) /lib/x86_64-linux-gnu/libc-2.23.so
cfi=(56) /build/glibc-Cl5G7W/glibc-2.23/csu/../csu/init-first.c
cfn=(228) _init
calls=1 -6 
* 176
cob=(2)
cfi=(16)
cfn=(216) 0x0000000004a28530
calls=1 -58 
* 6
* 2
+4 4
+6 2
+2 4
-2 4
+3 10
+1 8
cob=(3)
cfi=(62) /build/glibc-Cl5G7W/glibc-2.23/string/../sysdeps/x86_64/cacheinfo.c
cfn=(240) init_cacheinfo
calls=1 482 
* 1161
cob=(4)
cfi=(55)
cfn=(220) 0x0000000000000650
calls=1 -72 
* 17
* 4
cob=(3)
cfi=(64) /build/glibc-Cl5G7W/glibc-2.23/elf/dl-altinit.c
cfn=(248) dlinit_alt
calls=1 -39 
* 4
* 3
-1 6
+3 24
-29 3
-5 3

fl=(21) /build/glibc-Cl5G7W/glibc-2.23/posix/../sysdeps/unix/syscall-template.S
fn=(62) uname
84 4
+1 1

fl=(9)
fn=(60) _dl_discover_osversion
45 7
+2 3
+85 8
-45 3
cfi=(21)
cfn=(62)
calls=1 -3 
* 5
* 1
+15 1
-15 1
+20 1
-1 1
+3 12
+4 3
-2 6
+2 10
+2 1
+1 2
-3 4
+7 3
-1 3
+4 3
-2 3
+2 10
+5 2

fl=(12)
fn=(24)
34 4
+8 6
+4 2
+16 5

fl=(13) /build/glibc-Cl5G7W/glibc-2.23/elf/dl-environ.c
fn=(28) _dl_next_ld_env_entry
30 3
+3 10
+13 77
-13 231
+2 158
+1 38
+5 2
-3 2
+3 2
+2 2
-12 1
+19 1

fl=(27)
fn=(74)
24 7
+1 7
+1 7
+1 7
+1 7
+1 7
+1 7
+1 7
+1 7
+1 7
+1 7
+1 7
+1 7
+1 7
+1 7
+1 7
+1 7
+1 5
+4 5
+1 5
+1 5
+1 5
+2 5
+4 2
+1 2
+1 2
+1 2
+1 2
+1 2
+1 2
+1 2
+1 2
+1 2
+1 2
+1 2
+1 2
+1 2
+1 2
+1 2
+1 2
+1 2
+1 2
+1 2
+1 2
+1 2
+1 2
+1 2
+52 2
+4 2
+1 2
+1 2
+1 2
+2 2

fl=(2)
fn=(92) handle_ld_preload
757 7
+1 1
-1 1
-75 1
+86 1
-11 1
-75 6
+80 3
fi=(31) /build/glibc-Cl5G7W/glibc-2.23/elf/../string/bits/string2.h
961 1
+1 145
+1 46
-2 46
+2 46
-2 139
+2 1
-2 3
fe=(2)
766 2
+10 4
108 3
779 2
677 1
+5 5
-10 1
+4 1
+1 1
+1 1
+2 1
+2 1
cfi=(32)
cfn=(96)
calls=1 163 
* 2434
+1 3
+13 3
+84 1
-18 3
+21 9
-15 4
cfi=(18)
cfn=(46)
calls=1 61 
* 55
* 1
+1 2

fn=(52)
710 10

fn=(160) init_tls
589 1
+6 1
-6 1
+2 2
+4 1
+10 4
cfi=(17)
cfn=(36)
calls=1 103 
* 38
* 1
+11 1
-5 1
-7 1
+6 1
+2 1
-1 1
+5 1
+2 1
-1 1
+1 10
+2 8
+4 1
+2 1
-2 2
-5 8
+9 3
+3 1
cfi=(30) /build/glibc-Cl5G7W/glibc-2.23/elf/dl-tls.c
cfn=(162) _dl_determine_tlsoffset
calls=1 138 
* 71
+7 1
cfi=(30)
cfn=(164) _dl_allocate_tls_storage
calls=1 354 
* 439
+1 1
-1 1
+1 1
+6 1
+3 1
-3 1
+3 6
+3 1
+2 1
+1 2

fn=(152) version_check_doit
529 2
+2 4
cfi=(44)
cfn=(154)
calls=1 380 
* 3097
* 2
+4 2

fn=(26)
790 1
+19 1
-19 7
2390 1
790 3
+19 1
+3 1
-22 1
2385 1
812 1
+4 2
+1 2
+5 2
2383 2
+7 4
-4 1
+4 8
+2 2
cfi=(13)
cfn=(28)
calls=1 30 
* 86
* 4
cfi=(13)
cfn=(28)
calls=2 30 
* 441
* 9
+4 50
+1 19
-1 57
+3 4
+6 14
2553 3
+30 3
832 3
1033 7
cfi=(15) /build/glibc-Cl5G7W/glibc-2.23/elf/dl-object.c
cfn=(32) _dl_new_object
calls=1 61 
* 250
+2 1
-2 1
+2 1
+1 1
+1 1
+5 2
-5 1
+1 2
+4 1
cfi=(15)
cfn=(48) _dl_add_to_namespace_list
calls=1 32 
* 33
+1 3
799 1
1072 1
-3 1
-5 1
+1 1
+2 1
+5 7
+56 5
-55 24
-1 27
+1 47
1175 5
+3 2
+2 2
+2 3
+13 3
+1 6
cfi=(19)
cfn=(54)
calls=1 144 
* 44
* 2
+7 1
+3 1
-5 1
+3 1
+2 1
+1 2
+4 2
+2 2
fi=(3) /build/glibc-Cl5G7W/glibc-2.23/elf/get-dynamic-info.h
30 1
+9 2
+6 1
-2 1
+2 2
+15 1
+5 1
+3 1
+2 1
-3 1
-3 1
-3 14
+10 3
-26 9
+16 19
+10 19
-26 57
+26 1
-26 3
+2 46
+13 16
+2 4
+16 3
+38 3
+5 2
+7 2
+1 3
+16 3
+14 3
+18 2
fe=(2)
1218 2
cfi=(6)
cfn=(10) _dl_setup_hash
calls=1 956 
* 23
+3 2
fi=(20) /build/glibc-Cl5G7W/glibc-2.23/elf/setup-vdso.h
24 2
fe=(2)
1243 1
cfi=(9)
cfn=(60)
calls=1 45 
* 93
* 8
-75 2
+1 2
+1 1
-6 2
+1 1
-88 3
+1 1
+50 2
-1 8
+2 4
+1 1
+3 2
+1 2
-1 2
+1 2
+1 2
+1 6
+1 2
-43 1
-2 2
+27 1
-25 2
+7 1
-10 1
+10 1
-19 3
+1 1
fi=(3)
65 4
+3 4
+2 4
fe=(2)
2480 1
+1 1
-1 2
+1 3
cfi=(14) /build/glibc-Cl5G7W/glibc-2.23/string/../sysdeps/x86_64/multiarch/../memcmp.S
cfn=(30) bcmp
calls=1 24 
* 31
* 2
-55 4
cfi=(14)
cfn=(30)
calls=1 24 
* 18
* 2
+7 4
cfi=(14)
cfn=(30)
calls=1 24 
* 36
* 2
+2 3
+48 3
1248 2
cfi=(22)
cfn=(64) _dl_init_paths
calls=1 689 
* 1578
+3 3
cfi=(29)
cfn=(86)
calls=1 50 
* 17
+7 1
-7 1
+2 1
+5 1
+3 3
+1 1
+3 1
-3 3
+1 2
+3 1
+5 1
-7 1
+7 1
+1 5
+17 2
+1 2
+5 1
-3 4
+2 2
+1 3
+5 3
+1 5
+2 2
+1 2
+5 2
+5 1
805 1
1314 2
1491 1
cfi=(30)
cfn=(88) _dl_count_modids
calls=1 115 
* 4
* 1
+8 3
+3 1
+4 3
+5 1
+1 1
cfi=(29)
cfn=(90)
calls=1 74 
* 1
+1 1
+4 3
+15 3
+4 1
-2 1
+2 2
+2 3
+1 1
-1 2
+1 1
cfn=(92)
calls=1 757 
* 2986
* 1
+1 1
+2 6
+10 3
cfi=(24) /build/glibc-Cl5G7W/glibc-2.23/io/../sysdeps/unix/syscall-template.S
cfn=(68) access
calls=1 84 
* 9
* 2
+77 1
-96 1
+96 3
+17 3
+1 1
-1 1
+1 2
-1 1
+1 5
cfi=(41)
cfn=(134)
calls=1 161 
* 6918
+1 1
+2 2
+3 1
-3 3
+3 1
-3 1
+3 3
+1 4
-1 2
+1 12
-1 6
+4 3
+1 3
+1 1
+2 2
+1 6
-1 5
+1 5
-1 3
-3 1
+16 1
+1 2
-1 1
+1 1
+2 1
+2 3
+2 1
-4 1
+5 1
-1 2
+14 2
+1 2
+1 3
+11 1
+2 1
-2 1
+2 2
-1 1
+1 1
-2 3
+2 1
cfi=(32)
cfn=(150) _dl_receive_error
calls=1 205 
* 3137
+10 1
+1 1
-1 1
+1 1
+1 1
cfn=(160)
calls=1 589 
* 619
* 1
+2 2
719 1
+2 3
fi=(111) /build/glibc-Cl5G7W/glibc-2.23/elf/../sysdeps/unix/sysv/linux/dl-osinfo.h
77 1
fe=(2)
730 1
+7 1
-5 1
1729 3
1959 3
2129 4
+2 1
+5 3
cfi=(30)
cfn=(202) _dl_allocate_tls_init
calls=1 450 
* 147
+3 2
+9 3
+2 2
+15 1
+2 1
-2 2
+3 1
-3 1
+3 1
-3 1
+3 3
cfi=(45) /build/glibc-Cl5G7W/glibc-2.23/elf/dl-reloc.c
cfn=(166) _dl_relocate_object
calls=1 149 
* 3984
+1 1
+2 6
+8 1
cfi=(7)
cfn=(204)
calls=1 256 
* 1
+4 3
+20 3
cfi=(29)
cfn=(86)
calls=1 50 
* 8
+1 1
-1 1
+2 1
cfi=(29)
cfn=(90)
calls=1 74 
* 1
+1 1
+4 1
cfi=(43) /build/glibc-Cl5G7W/glibc-2.23/elf/dl-cache.c
cfn=(206) _dl_unload_cache
calls=1 322 
* 15
+5 8
2080 3
+7 1
+2 3
+19 1
-19 4
+2 1
+2 12
+5 8
+2 8
+6 4
+2 8
+1 24
cfi=(45)
cfn=(166)
calls=3 149 
* 65732
+4 14
-22 10
+25 1
+2 5
+6 1
-6 1
+6 1
-10 2
cfi=(30)
cfn=(200) _dl_add_to_slotinfo
calls=1 890 
* 20
* 1
-12 1
+1 1
-3 2
-85 1
+11 1
-7 1
-4 1
+4 3
+4 2
+3 1
1672 2
-39 5
+1 1
-1 3
+4 3
+1 1
+1 2
+1 2
1237 3

fn=(50)
704 10

fn=(98) _dl_initial_error_catch_tsd
664 8

fn=(2)
353 9
+18 4
fi=(5)
59 1
fe=(2)
371 1
fi=(3)
45 1
fi=(5)
+14 2
fe=(2)
397 1
fi=(3)
45 1
fe=(2)
394 1
fi=(3)
45 1
+25 2
-3 1
-7 1
+5 1
+3 1
+2 1
-3 1
-3 1
-3 2
-13 26
+23 13
-26 39
+26 1
-26 3
+2 36
+13 20
+1 16
+10 4
-26 12
+33 2
+20 4
+1 4
+1 4
+1 4
+2 4
+5 4
+1 4
+1 4
+6 3
+5 2
+7 3
+1 3
+8 3
+2 3
+3 2
+1 2
fe=(2)
408 2
302 1
415 1
302 1
cfi=(6)
cfn=(10)
calls=1 956 
* 23
+1 2
+1 2
+1 2
+1 2
+8 1
+9 1
-9 3
+9 1
-6 1
-3 1
+9 1
cfi=(7)
cfn=(12)
calls=1 86 
* 88121
* 1
+9 1
+3 4
+4 1
-4 1
+4 1
440 9
fi=(3)
62 4
+3 4
fe=(2)
413 26
fi=(4) /build/glibc-Cl5G7W/glibc-2.23/elf/do-rel.h
84 1
+27 1
-28 1
+28 2
+1 2
fi=(5)
517 2
fi=(4)
112 18
fi=(5)
517 18
+1 20
fi=(4)
111 20
fi=(5)
518 10
fi=(4)
111 10
+5 2
+8 1
fi=(5)
312 1
fi=(4)
124 2
+12 1
+1 3
fi=(5)
266 1
fi=(4)
137 1
fi=(5)
294 1
fi=(4)
137 2
fi=(5)
294 1
fi=(4)
136 5
+1 15
fi=(5)
266 5
fi=(4)
137 5
fi=(5)
294 5
fi=(4)
137 10
fi=(5)
294 5
+9 12
+3 6
-3 12
+3 18
+6 36
fi=(3)
68 4
+2 3
fi=(5)
425 12
fi=(4)
124 19
fe=(2)

fn=(102) map_doit
496 1
+2 1
-2 1
+3 8
cfi=(22)
cfn=(104)
calls=1 2189 
* 2358
* 1
+2 2

fl=(66) /build/glibc-Cl5G7W/glibc-2.23/elf/../sysdeps/x86_64/dl-trampoline.h
fn=(260) _dl_runtime_resolve_avx
64 1
+3 1
+2 1
+2 1
+3 1
+1 1
+1 1
+1 1
+1 1
+1 1
+1 1
+1 1
+1 1
+1 1
+1 1
+1 1
+1 1
+1 1
+1 1
+5 1
+1 1
+1 1
+1 1
+14 1
+1 1
+1 1
cfi=(67)
cfn=(262)
calls=1 -46 
* 901
+1 1
+5 1
+1 1
+1 1
+1 1
+13 1
+1 1
+1 1
+1 1
+1 1
+1 1
+1 1
+1 1
+1 1
+1 1
+1 1
+1 1
+1 1
+1 1
+1 1
+2 1
+2 1
+4 1
+3 1
cob=(3)
cfi=(68) /build/glibc-Cl5G7W/glibc-2.23/csu/../csu/libc-start.c
cfn=(266) (below main)
calls=1 -25 
* 920988691

fn=(261) _dl_runtime_resolve_avx'2
64 9
+3 9
+2 9
+2 9
+3 9
+1 9
+1 9
+1 9
+1 9
+1 9
+1 9
+1 9
+1 9
+1 9
+1 9
+1 9
+1 9
+1 9
+1 9
+5 9
+1 9
+1 9
+1 9
+14 9
+1 9
+1 9
cfi=(67)
cfn=(262)
calls=9 -46 
* 7667
+1 9
+5 9
+1 9
+1 9
+1 9
+13 9
+1 9
+1 9
+1 9
+1 9
+1 9
+1 9
+1 9
+1 9
+1 9
+1 9
+1 9
+1 9
+1 9
+1 9
+2 9
+2 9
+4 9
+3 9
cob=(3)
cfi=(103) /build/glibc-Cl5G7W/glibc-2.23/libio/iofclose.c
cfn=(472) fclose@@GLIBC_2.2.5
calls=1 39 
* 589
cob=(3)
cfi=(77) /build/glibc-Cl5G7W/glibc-2.23/malloc/malloc.c
cfn=(466) free
calls=1 2934 
* 163
cob=(3)
cfi=(102) /build/glibc-Cl5G7W/glibc-2.23/stdio-common/fprintf.c
cfn=(458) fprintf
calls=1 27 
* 955
cob=(3)
cfi=(97) /build/glibc-Cl5G7W/glibc-2.23/stdio-common/printf.c
cfn=(430) printf
calls=1 28 
* 2375
cob=(3)
cfi=(90) /build/glibc-Cl5G7W/glibc-2.23/stdio-common/isoc99_fscanf.c
cfn=(384) __isoc99_fscanf
calls=1 26 
* 1426
cob=(3)
cfi=(85) /build/glibc-Cl5G7W/glibc-2.23/libio/iofopen.c
cfn=(346) fopen@@GLIBC_2.2.5
calls=1 -62 
* 518
cfi=(81) /build/glibc-Cl5G7W/glibc-2.23/elf/dl-open.c
cfn=(324) _dl_find_dso_for_object
calls=1 +23 
* 32
cob=(3)
cfi=(77)
cfn=(308) memalign
calls=1 3081 
* 59469
cob=(3)
cfi=(74) /build/glibc-Cl5G7W/glibc-2.23/stdlib/atoi.c
cfn=(298) atoi
calls=1 26 
* 178

fl=(34)
fn=(144) _dl_sysdep_read_whole_file
45 2
+7 1
-7 3
+7 1
-7 3
+7 1
cfi=(24)
cfn=(110) open
calls=1 +32 
* 5
+1 2
+2 5
cfi=(36)
cfn=(120)
calls=1 -21 
* 10
* 2
+2 1
+3 1
-3 1
+3 1
+13 2
cfi=(24)
cfn=(132) close
calls=1 +11 
* 5
+3 7
-14 6
cfi=(37) /build/glibc-Cl5G7W/glibc-2.23/misc/../sysdeps/unix/sysv/linux/wordsize-64/mmap.c
cfn=(122) mmap
calls=1 -29 
* 33
* 2

fn=(106)
288 235
+1 94
cfi=(19)
cfn=(54)
calls=47 144 
* 1668
* 47
+1 47
-1 47
+3 47
+2 94
+4 48
-4 96
+1 153
cfi=(19)
cfn=(54)
calls=51 144 
* 1888
* 102
-5 3
+11 59
-1 44
+1 176

fl=(42) /build/glibc-Cl5G7W/glibc-2.23/io/../sysdeps/unix/sysv/linux/wordsize-64/xstat.c
fn=(140) _xstat
34 4
-1 4
+1 4
+1 24
+4 1
-4 12

fl=(25) /build/glibc-Cl5G7W/glibc-2.23/string/../sysdeps/x86_64/memcpy.S
fn=(70) mempcpy
61 17
+4 17
+3 16
+1 16
+2 7
+1 7
+2 7
+1 7
+5 7
+1 7
-1 9
+1 9
+2 10
+1 10
+2 10
+1 10
+5 10
+1 10
-1 6
+1 6
+2 5
+1 5
+2 5
+1 5
+5 5
+1 5
-1 11
+1 11
+2 7
+1 7
+2 7
+1 14
+5 7
+1 7
-1 9
+1 11
+5 2
+1 2
+1 2
+1 2
+2 2
+2 2
+1 2
+2 2
+6 16
+4 16
+12 2
+2 2
+1 2
+26 2
+1 2
+3 2
+1 2
+1 2
+5 2
+2 2
+1 2
+1 2
+1 2
+2 2
+1 2
+1 2
+1 2
+2 2
+1 2
+2 2
+22 2
+2 2
+2 1
+7 1

fl=(10)
fn=(18)
31 7
+8 1
-6 2
+7 1

fl=(45)
fn=(166)
149 40
+15 4
-15 8
+15 4
+1 24
+6 8
+6 12
-18 8
+22 8
+7 4
-32 4
+32 4
+44 4
fi=(5)
76 12
fe=(45)
232 8
fi=(5)
76 12
+6 6
+4 9
+14 3
-8 3
+10 3
-2 6
+20 6
+9 3
fe=(45)
258 164
-98 18
fi=(5)
301 24
fe=(45)
-43 3
fi=(4)
58 3
-10 3
-1 6
+11 3
-11 3
+11 3
fe=(45)
258 1
-98 6
fi=(5)
301 8
fe=(45)
-43 1
fi=(4)
58 1
-10 1
-1 2
+11 1
-11 1
+11 1
fe=(45)
258 4
fi=(4)
58 4
-10 4
-1 8
+11 4
-11 4
+11 4
+3 15
fi=(5)
528 36
+4 36
+2 54
+1 18
fi=(4)
61 75
+2 104
+2 26
-4 3
+13 6
+1 5
+1 16
fi=(5)
528 8
+26 8
fi=(4)
75 8
fi=(5)
554 16
cob=(3)
cfi=(53) ???
cfn=(198) memcpy@GLIBC_2.2.5
calls=1 0 
* 11
cob=(3)
cfi=(52) /build/glibc-Cl5G7W/glibc-2.23/time/../sysdeps/unix/sysv/linux/x86/gettimeofday.c
cfn=(194) gettimeofday
calls=1 37 
* 66
cob=(3)
cfi=(51) /build/glibc-Cl5G7W/glibc-2.23/string/../sysdeps/x86_64/multiarch/strspn.S
cfn=(192) strspn
calls=1 30 
* 6
cob=(3)
cfi=(50) /build/glibc-Cl5G7W/glibc-2.23/string/../sysdeps/x86_64/multiarch/strcspn.S
cfn=(190) strpbrk
calls=1 45 
* 6
cob=(3)
cfi=(46) /build/glibc-Cl5G7W/glibc-2.23/string/../sysdeps/x86_64/multiarch/strcmp.S
cfn=(188) strncasecmp
calls=1 129 
* 5
cob=(3)
cfi=(50)
cfn=(186) strcspn
calls=1 45 
* 6
cob=(3)
cfi=(47) /build/glibc-Cl5G7W/glibc-2.23/time/../sysdeps/unix/sysv/linux/x86/time.c
cfn=(180) time
calls=1 38 
* 66
cob=(3)
cfi=(46)
cfn=(178) strcasecmp
calls=1 109 
* 5
fi=(4)
75 8
fi=(5)
555 8
fi=(4)
75 11
fe=(45)
258 2
fi=(4)
75 14
fe=(45)
258 14
+3 16
+24 4
+3 8
+17 12
+2 32
fi=(4)
84 5
-1 5
+3 10
-3 5
+3 5
+12 15
+10 6
+3 8
fi=(5)
512 2
fi=(4)
112 4
fi=(5)
512 1194
fi=(4)
112 2380
fi=(5)
512 2380
+5 2384
+1 2384
fi=(4)
111 2384
fi=(5)
518 1192
fi=(4)
111 1192
+7 15
+6 4
-3 8
+3 10
fi=(5)
447 9
fi=(4)
127 368
+9 184
+3 92
-3 92
+3 92
fi=(5)
269 92
fi=(4)
138 92
-2 92
+1 368
fi=(5)
269 92
+21 184
+4 184
+7 1755
fi=(4)
137 75
fi=(5)
301 150
fi=(4)
137 75
fi=(5)
301 75
fi=(4)
137 75
fi=(5)
301 1200
cfi=(6)
cfn=(172)
calls=75 806 
* 41832
* 600
+2 234
+3 90
-3 180
+3 270
+6 552
fe=(45)
178 8
fi=(5)
435 234
fi=(4)
124 282
+19 6
fi=(5)
301 54
fi=(4)
108 3
fi=(5)
407 42
+4 70
+14 70
fe=(45)
313 20
+3 4
-3 8
+3 4
+4 8
+1 16
cfi=(39) /build/glibc-Cl5G7W/glibc-2.23/misc/../sysdeps/unix/syscall-template.S
cfn=(126) mprotect
calls=4 84 
* 20
* 12
fi=(5)
123 15
+6 12
fe=(45)
258 3
fi=(4)
129 8
fi=(5)
301 87
fi=(4)
160 7
+2 20
+8 10
+1 5
-1 5
+1 5
fi=(5)
+98 5
fi=(4)
-99 15
fi=(5)
+99 5
+21 10
+4 10
+7 180
cfi=(6)
cfn=(172)
calls=5 806 
* 2409
* 35
+2 15
+3 1
-3 2
+3 3
+6 30
435 15
fi=(4)
160 17
+14 2
fi=(5)
301 6
fe=(45)

fl=(28) /build/glibc-Cl5G7W/glibc-2.23/string/strdup.c
fn=(80) strdup
40 12
+1 3
cfi=(11)
cfn=(22)
calls=3 +25 
* 84
* 3
+1 6
cfi=(17)
cfn=(40)
calls=3 +52 
* 87
* 3
+2 6
+4 3
-1 6
+1 6
-1 6
cfi=(18)
cfn=(46)
calls=3 +14 
* 106

fl=(81)
fn=(324)
182 5
+1 4
+1 12
+1 2
+3 2
+4 1
-9 6

fl=(26)
fn=(72)
53 13
+1 13
+1 13
+1 13
+1 13
+2 13
+1 13
+1 11
+1 11
+15 2
+1 2
+1 2
+1 2
+1 2
+1 2
+1 2
+1 2
+1 2
+1 2
+1 2
+1 2
+1 2
+1 4
+3 2
+1 2
+1 2
+1 2
+1 2
+1 2
+1 2
-6 34
+1 34
+1 34
+1 34
+1 34
+1 34
+1 34
+1 2
+3 11
+1 11
+1 11
+1 4
+1 4
+1 2
+1 2
+3 2
+1 2
+1 2
+1 2
+2 2
+1 2
+1 2
+2 7
+1 7
+1 7

fl=(23) /build/glibc-Cl5G7W/glibc-2.23/elf/dl-hwcaps.c
fn=(66) _dl_important_hwcaps
39 6
+3 1
-3 2
+3 1
-1 1
+1 1
+9 1
-12 4
+12 2
+10 4
162 2
-47 3
cfi=(24)
cfn=(68)
calls=1 -31 
* 9
* 2
+55 3
+2 2
+1 5
+4 2
+4 1
-4 1
+1 1
+3 1
+3 1
+1 1
-1 1
+4 3
+1 1
-1 9
+1 1
+18 10
+1 2
-1 1
+1 3
cfi=(17)
cfn=(40)
calls=1 94 
* 29
* 1
+1 1
-1 1
+1 5
+29 1
+3 1
-3 2
+3 1
+23 7
+6 2
-1 2
+1 6
-1 8
+5 6
+3 1
-3 1
+3 1
-3 3
+3 1
-3 1
+3 5
+1 12
+1 4
-1 4
+1 8
-2 4
+1 8
-1 14
+4 4
+4 1
-1 1
+2 1
-2 1
+1 1
+1 1
-2 1
+2 10
+13 2
+1 1
-1 1
+3 2
-3 2
+1 1
-1 1
+3 2
+3 4
+3 1
-1 1
+1 9
113 1
+17 1
+1 1
-1 9
243 6
cfi=(25)
cfn=(70)
calls=1 61 
* 22
* 4
cfi=(25)
cfn=(70)
calls=1 61 
* 18
+1 4
cfi=(25)
cfn=(70)
calls=1 61 
* 22
* 4
cfi=(25)
cfn=(70)
calls=1 61 
* 18
* 12

fl=(43)
fn=(206)
322 4
-1 1
+3 2
cfi=(39)
cfn=(208) munmap
calls=1 84 
* 5
+1 1
+2 2

fn=(142) _dl_load_cache_lookup
185 9
+8 2
+3 3
+51 2
+9 1
+6 2
-6 4
+6 1
cfi=(24)
cfn=(68)
calls=1 84 
* 9
+19 1
-19 1
+19 94
cfn=(146) _dl_cache_libcmp
calls=6 138 
* 457
* 29
-15 4
+15 23
cfn=(146)
calls=1 138 
* 71
* 5
cfn=(146)
calls=1 138 
* 144
* 9
-82 4
cfi=(34)
cfn=(144)
calls=1 45 
* 94
+8 1
-8 1
+8 4
+1 4
cfi=(14)
cfn=(30)
calls=1 24 
* 38
* 2
+7 1
-3 1
+3 3
+3 1
+1 2
-1 1
+1 1
+1 4
cfi=(14)
cfn=(30)
calls=1 24 
* 32
* 2
+61 31
+16 2
+4 2
+8 3
cfi=(11)
cfn=(22)
calls=1 66 
* 34
* 2
+1 1
-1 4
+1 2
cfi=(18)
cfn=(46)
calls=1 61 
* 91
+1 2
cfi=(28)
cfn=(80)
calls=1 40 
* 109
+1 8
-31 9

fn=(146)
138 24
+1 20
+2 90
+2 45
-2 45
+2 4
+6 2
+2 2
-1 2
-1 2
+1 2
+1 8
+2 10
+2 4
+6 86
+2 160
+4 37
+1 37
-29 74
+32 6
-7 12

fl=(39)
fn=(208)
84 4
+1 1

fn=(126)
84 24
+1 6

fl=(11)
fn=(22)
66 13
+1 13
+1 13
+1 13
+1 13
+1 13
+1 13
+2 13
+2 13
+30 12
+1 12
+1 12
+1 12
+1 12
+1 6
+1 6
+4 6
+1 6
+1 6
+1 6
+1 6
+1 6
+1 6
+1 6
+1 6
+1 6
+1 6
+1 6
+5 48
+4 1
+1 14
+1 8

fl=(22)
fn=(138) open_path
2040 8
+1 1
+6 1
-6 1
+6 1
+5 9
+52 1
-59 1
-1 1
+60 1
-52 8
+74 4
-62 1
-9 1
+9 1
+7 4
cfi=(25)
cfn=(70)
calls=1 61 
* 31
+1 1
-1 1
+1 5
+20 8
-20 15
+3 8
+5 8
-1 4
+1 8
-1 12
cfi=(25)
cfn=(70)
calls=4 61 
* 85
* 16
cfi=(25)
cfn=(70)
calls=4 61 
* 92
-1 4
+7 4
-7 4
+7 4
+3 36
cfn=(108) open_verify.constprop.7
calls=4 1717 
* 176
* 4
+2 20
+67 7
+7 1
-2 1
+2 3
+3 3
+14 1
-27 1
+27 7
-84 8
+1 36
+6 4
+2 4
-2 4
+2 8
-2 4
+2 4
cfi=(42)
cfn=(140)
calls=4 34 
* 49
* 8
+1 1
+2 1
-2 1
+2 7
+7 3
-7 3
+7 9
-30 3
+23 6

fn=(76) fillin_rpath
444 7
+2 1
-2 9
+4 3
cfi=(17)
cfn=(78) strsep
calls=1 -94 
* 238
* 3
cfi=(17)
cfn=(78)
calls=1 -94 
* 6
* 6
+7 2
+35 15
+1 8
+55 2
+2 2
cob=(2)
cfi=(16)
cfn=(82) 0x0000000004000ab0
calls=1 0 
* 7
* 1
-39 2
+4 2
-1 4
cfi=(17)
cfn=(40)
calls=1 94 
* 29
* 1
+3 1
-3 1
+3 2
+5 1
+1 2
-2 1
+2 1
cfi=(25)
cfn=(70)
calls=1 61 
* 31
+3 1
-3 1
+1 1
+2 1
+6 2
+1 1
-1 2
+1 13
+1 11
-1 2
+3 2
+1 3
+7 1
+1 1
-1 2
383 3
cfi=(27)
cfn=(74)
calls=1 24 
* 23
* 2
+4 2
cfi=(28)
cfn=(80)
calls=1 40 
* 94
* 1
+74 2
+5 2
cfi=(11)
cfn=(22)
calls=1 66 
* 16
+1 2
+7 6
+9 1
-4 3
+4 2
+26 2
+43 1
+3 9
-15 2
-9 2
-57 2

fn=(104)
2189 21
+8 3
-8 6
+8 3
+1 12
+3 42
+5 49
+2 21
cfi=(34)
cfn=(106)
calls=7 288 
* 944
* 14
+4 12
+1 18
+3 2
+2 8
cfi=(19)
cfn=(54)
calls=2 144 
* 48
* 4
2500 24
2235 10
+9 2
-53 2
+53 4
+36 4
-2 2
+2 2
cfi=(27)
cfn=(74)
calls=2 24 
* 46
* 4
2431 2
383 3
cfi=(27)
cfn=(74)
calls=1 24 
* 47
* 2
+4 2
cfi=(28)
cfn=(80)
calls=1 40 
* 128
2432 1
-3 1
+3 2
+4 9
cfn=(108)
calls=1 1717 
* 299
+3 1
-3 1
+3 3
+12 3
+46 1
+1 3
-1 1
+1 9
cfn=(114) _dl_map_object_from_fd
calls=1 893 
* 1444
-1 1
+1 3
-1 1
+1 9
cfn=(114)
calls=1 893 
* 1789
* 6
2284 2
cfi=(11)
cfn=(22)
calls=1 66 
* 16
* 1
+2 1
-2 1
+2 1
+7 4
+35 2
+1 14
cfn=(138)
calls=1 2040 
* 777
+6 2
-6 1
+6 3
666 1
2336 1
666 2
2423 2
+28 3
+2 4
2297 1
+5 1
-5 1
+5 1
+3 2
-3 1
+3 7
-3 3
666 1
2303 1
666 2
2358 1
-14 1
+14 1
+2 3
+4 2
cfi=(43)
cfn=(142)
calls=1 185 
* 1367
+2 1
-2 1
+2 1
+4 2
+8 3
+23 10
cfn=(108)
calls=1 1717 
* 370
+4 1
-4 1
+4 3
+1 2
-89 3
+1 8
666 1
2319 1
666 2

fn=(114)
893 22
+10 2
-10 2
+10 2
-10 6
+10 2
cfi=(29)
cfn=(86)
calls=2 50 
* 16
fi=(35) /build/glibc-Cl5G7W/glibc-2.23/elf/../sysdeps/posix/dl-fileid.h
37 6
fe=(22)
903 2
fi=(35)
37 2
cfi=(36)
cfn=(120)
calls=2 -3 
* 20
* 4
+4 2
fe=(22)
919 2
fi=(35)
40 2
+1 2
fe=(22)
919 29
+1 10
fi=(35)
49 12
fe=(22)
1465 16
937 4
+24 4
+10 4
+22 8
+32 4
904 2
1028 14
cfi=(15)
cfn=(32)
calls=2 61 
* 882
+1 2
-1 2
+1 2
+11 4
+1 2
-1 2
+2 2
-1 2
+4 2
-1 4
-2 2
+2 4
+1 6
+1 2
+19 2
-2 2
+10 2
-8 12
+8 2
-8 6
+8 2
+87 2
+8 2
-8 8
+8 2
-8 6
-86 32
-1 136
+1 95
+6 4
+1 6
+1 2
+9 20
+5 32
+9 12
-1 12
+1 4
+1 8
+2 4
-2 4
+1 4
-1 4
+3 4
+4 4
-7 4
+2 4
+1 4
+4 4
+1 12
+4 6
-14 2
+14 12
+11 2
-11 6
-14 2
+14 12
+11 2
-44 2
+1 1
+46 3
+4 1
+1 1
+1 1
-1 2
+1 1
+3 3
+1 1
+3 1
-3 1
+7 4
+6 1
cfi=(30)
cfn=(148) _dl_next_tls_modid
calls=1 49 
* 8
* 2
+1 1
+59 4
+1 6
+1 2
-6 4
+1 2
+8 6
1041 2
1229 2
1041 2
1229 2
+10 6
fi=(38) /build/glibc-Cl5G7W/glibc-2.23/elf/./dl-map-segments.h
56 4
fe=(22)
1239 6
fi=(38)
56 2
fe=(22)
1239 2
fi=(38)
56 2
fe=(22)
1239 4
fi=(38)
56 12
cfi=(37)
cfn=(122)
calls=2 -23 
* 70
+4 2
-4 2
+4 4
+3 4
+1 2
+2 2
-2 2
-1 2
+3 2
+10 4
fi=(40) /build/glibc-Cl5G7W/glibc-2.23/elf/./dl-load.h
+14 8
+1 6
+2 8
fi=(38)
+7 16
+6 2
+2 2
-2 2
+1 2
+2 2
-1 2
+1 2
-1 6
+8 4
+17 4
+12 4
-59 20
+2 4
+2 2
-2 4
+2 20
cfi=(37)
cfn=(122)
calls=2 -57 
* 62
* 6
fe=(22)
1251 8
+9 4
fi=(3)
39 2
fe=(22)
1260 2
fi=(3)
39 2
+6 2
-2 2
+2 4
+15 2
+5 2
+3 2
-1 2
-3 2
-3 36
+10 8
-26 24
+16 35
+10 35
-26 105
+26 2
-26 6
+2 90
+13 40
+2 8
+3 8
+13 4
+20 7
+1 8
+1 8
+1 8
+2 8
+5 8
+1 7
+1 8
+6 6
+5 4
+7 4
+1 6
+16 6
+5 1
+2 1
-2 1
+2 1
+2 2
+2 2
+3 6
+10 1
-8 4
+8 1
+5 2
+3 4
fe=(22)
1267 4
+15 6
+19 4
+2 10
+54 6
+1 2
+3 2
cfi=(24)
cfn=(132)
calls=1 84 
* 5
* 2
cfi=(24)
cfn=(132)
calls=1 84 
* 5
* 4
+9 4
+2 6
+2 2
-2 2
+2 2
+16 4
cfi=(6)
cfn=(10)
calls=2 956 
* 46
+4 4
+1 4
+17 4
+9 2
-5 6
+5 2
+10 4
+10 6
cfi=(15)
cfn=(48)
calls=2 32 
* 82
+4 8
fi=(3)
68 8
+2 10
fe=(22)
1413 2
fi=(38)
119 4
+8 16
cfi=(26)
cfn=(72)
calls=2 -74 
* 283
* 8
-54 8
-1 12
cfi=(39)
cfn=(126)
calls=2 +12 
* 10
* 2
fi=(40)
+22 5
+1 11
+3 4
fi=(38)
+39 9
cfi=(37)
cfn=(122)
calls=1 33 
* 31
+3 3
fe=(22)
1255 2

fn=(64)
689 1
+13 2
-13 8
+13 3
cfi=(23)
cfn=(66)
calls=1 39 
* 398
+5 1
-5 1
+5 1
cfi=(17)
cfn=(40)
calls=1 94 
* 29
* 1
+1 1
-2 1
+2 2
+8 1
-1 1
+1 3
-1 3
+4 4
cfi=(17)
cfn=(40)
calls=1 94 
* 29
* 1
+2 1
-2 1
+2 1
+17 2
+9 2
-19 1
+11 1
-1 1
+3 1
+1 1
-15 2
+23 1
-9 1
+9 5
-3 17
cfi=(26)
cfn=(72)
calls=4 53 
* 60
+3 27
-14 3
+2 3
+1 3
+2 6
-3 3
+4 9
+4 3
-3 3
+3 3
+1 3
-4 9
+4 3
+14 1
-11 1
+6 1
+1 1
+5 1
-12 1
+12 1
+2 4
+2 3
+38 5
+6 3
cfi=(27)
cfn=(74)
calls=1 24 
* 23
* 2
+2 3
cfi=(11)
cfn=(22)
calls=1 66 
* 16
* 8
cfi=(18)
cfn=(46)
calls=1 61 
* 31
* 1
+17 133
+5 1
cfi=(17)
cfn=(40)
calls=1 94 
* 29
* 1
+1 1
-2 1
+2 1
+6 9
cfn=(76)
calls=1 444 
* 609
+4 5
+6 1
+4 8
-70 1
-2 1
+2 2
+14 2

fn=(108)
1717 66
+39 6
-39 18
+39 22
+31 24
cfi=(24)
cfn=(110)
calls=6 84 
* 46
+2 6
-2 6
+2 8
+10 2
+1 4
+5 16
cfi=(24)
cfn=(112) read
calls=2 84 
* 10
+2 4
+2 2
+2 2
-2 4
+2 2
+6 4
+16 8
cfi=(14)
cfn=(30)
calls=2 24 
* 57
* 18
cfi=(14)
cfn=(30)
calls=2 24 
* 72
* 4
+74 4
+5 4
+2 8
+6 4
+11 4
+6 2
+1 2
-1 8
+1 2
-1 2
+1 4
+1 6
+20 106
+2 36
+4 8
+1 6
+12 14
+4 6
+5 1
+1 1
-13 4
cfi=(14)
cfn=(30)
calls=1 24 
* 25
* 8
cfi=(14)
cfn=(30)
calls=2 24 
* 60
* 6
+16 2
+3 7
+3 3
+1 5
-39 2
+67 20
-23 4
+23 28
1826 2
+7 4
cfi=(14)
cfn=(30)
calls=1 24 
* 24
* 2

fl=(6)
fn=(10)
956 12
+4 4
+4 8
+2 4
-1 4
+3 12
+1 4
+1 4
+3 4
-3 4
+7 4
-4 4
-1 4
+3 4
+2 4
-7 4
+7 4
+1 4

fn=(174) do_lookup_x
355 630
+1 90
-1 450
+48 90
-30 90
-11 90
+41 90
+7 180
-7 180
-30 360
+37 360
-44 180
+3 180
-3 384
+3 384
+4 564
+4 564
+4 564
+6 846
+8 282
-4 282
+1 282
+3 564
+1 846
+3 282
+1 564
+2 564
+8 282
-8 282
+8 2820
-99 198
553 1428
+1 66
cfi=(34)
cfn=(106)
calls=33 288 
* 3147
* 99
+3 594
+3 6
+1 720
-92 168
+50 628
+4 33
+12 168
+1 84
+1 168
413 528
+2 176
+2 1144
+13 264
-10 860
+2 168
+1 420
-1 84
+1 588
-1 84
+1 252
cfn=(176) check_match
calls=84 92 
* 7392
+4 252
+34 8
+94 28
439 756

fn=(176)
92 672
+3 588
+12 504
+3 416
cfi=(19)
cfn=(54)
calls=20 +34 
* 823
* 40
+5 84
-1 84
+1 84
+2 166
+19 166
+1 664
+46 84
-7 84
+7 420
-18 2
+2 1
+1 4
-1 5
-29 249
cfi=(19)
cfn=(54)
calls=83 +6 
* 2003
* 249

fn=(172)
806 990
568 90
806 360
568 450
+1 90
-1 90
+1 270
-1 270
+1 1125
-1 1125
+1 3375
-1 3555
808 90
+4 90
+4 90
-8 90
+1 180
+7 256
+7 90
-2 90
+2 90
-2 90
+6 90
-7 90
+7 180
-7 540
+15 6
-8 30
+2 1260
cfn=(174)
calls=90 355 
* 33837
+3 270
+26 180
+22 84
+1 588
+31 84
+9 420
+14 252
+3 336
+5 84
+2 720
-85 42
+16 6
+1 12
+59 2

fl=(15)
fn=(32)
61 42
+1 3
cfi=(11)
cfn=(22)
calls=3 +4 
* 66
+6 3
-6 6
+6 6
+7 12
cfi=(17)
cfn=(36)
calls=3 +28 
* 171
* 3
+3 3
-3 3
+3 3
+4 3
+5 6
-6 3
+6 3
-5 3
+3 6
+2 3
cfi=(18)
cfn=(46)
calls=3 -26 
* 88
+10 3
-10 3
+10 3
-8 3
+9 6
-1 9
+1 9
+3 3
-4 3
+1 3
+3 3
+9 3
-7 3
+4 3
+3 9
+2 2
-2 2
+2 30
-2 30
+12 3
+6 3
-5 3
-1 3
+6 15
+2 2
+3 2
-3 2
+3 2
-3 4
+7 6
+4 4
+2 5
+6 1
+6 1
-3 2
+3 4
-3 4
+3 4
+2 6
cfi=(11)
cfn=(22)
calls=2 -91 
* 68
+4 2
-4 8
+4 6
+64 4
+4 24
68 30
+34 8
+39 8
+70 6
cfi=(25)
cfn=(70)
calls=2 61 
* 71
* 42
+6 40
-1 40
+1 42
-1 2
+1 6
+5 4
-89 2
+32 4
cfi=(17)
cfn=(40)
calls=2 -71 
* 58
* 2
+1 2
-1 2
+1 6
+2 1
-35 2

fn=(48)
32 15
+2 6
cfi=(2)
cfn=(50)
calls=3 704 
* 6
+2 3
-2 3
+2 19
+3 15
+2 2
+2 2
+4 2
+4 2
-4 4
+1 2
+4 4
-4 2
+1 2
+3 2
-3 2
+2 2
cfi=(2)
cfn=(52)
calls=2 710 
* 4
-4 1
+4 1
-4 2
+1 1
+4 2
-4 1
+1 1
+3 1
-3 1
+2 1
cfi=(2)
cfn=(52)
calls=1 710 
* 2
-5 2

fl=(17)
fn=(36)
103 8
+8 24
-4 8
+4 16
+3 8
cfn=(40)
calls=8 -20 
* 289
* 8

fn=(84) free
120 1
+2 3
+7 2

fn=(78)
354 4
+2 2
+1 4
+4 33
+7 84
-2 56
+13 1
+4 2
-7 14
-15 44

fn=(40)
94 21
+1 42
cfn=(44) __libc_memalign
calls=21 -43 
* 582
* 21

fn=(44)
52 66
+1 87
+11 63
+3 21
-3 21
+3 42
-3 3
+3 1
-3 1
+3 82
+4 8
+1 4
+6 16
cfi=(37)
cfn=(122)
calls=2 -45 
* 66
+2 10
+4 6
+3 2
+1 2
+2 10
-3 20
+1 20
+2 100
-31 2
-1 5

fl=(37)
fn=(122)
33 8
-1 80
+1 20
+1 80
+2 56
-3 18

fl=(33) /build/glibc-Cl5G7W/glibc-2.23/setjmp/../sysdeps/x86_64/setjmp.S
fn=(100) __sigsetjmp
26 3
+9 3
+1 6
+1 3
+4 3
+1 3
+1 3
+1 3
+1 3
+2 6
+2 3
+1 3
+1 3
+2 6
+2 3
+4 3
+1 3

fl=(24)
fn=(110)
84 28
+1 3
+1 20

fn=(112)
84 8
+1 2

fn=(132)
84 12
+1 3

fn=(68)
84 12
+2 15

fl=(32)
fn=(150)
205 10
+1 1
cfi=(2)
cfn=(98)
calls=1 664 
* 2
+5 1
-1 1
-4 1
+9 1
+2 1
-3 1
+3 1
cfi=(2)
cfn=(152)
calls=1 529 
* 3107
+2 1
+1 1
+1 8

fn=(96)
163 6
+15 3
-3 6
+1 6
-13 6
+14 6
+1 3
+2 3
cfi=(2)
cfn=(98)
calls=3 664 
* 6
+2 3
-1 3
+4 3
-3 6
+3 3
-4 3
+4 3
cfi=(33)
cfn=(100)
calls=3 26 
* 60
* 9
+2 9
cfi=(41)
cfn=(136)
calls=2 60 
* 5398
cfi=(2)
cfn=(102)
calls=1 496 
* 2372
+1 6
+2 3
+1 3
-3 3
+1 6
+1 3
+9 3
-8 3
+8 9

fl=(18)
fn=(46)
61 14
+2 14
+2 14
+3 12
+1 12
+2 5
+1 5
+2 5
+1 5
+5 5
+1 5
-1 7
+1 7
+2 4
+1 4
+2 4
+1 8
+5 4
+1 4
-1 8
+1 8
+2 3
+1 3
+2 3
+1 3
+5 3
+1 3
-1 9
+1 9
+2 7
+1 7
+2 7
+1 7
+5 7
+1 7
-1 5
+1 10
+5 5
+1 5
+1 5
+1 5
+2 5
+2 5
+1 5
+2 5
+8 12
+8 6
+6 6
+2 6
+1 6
+3 1
+1 3
+5 1
+1 1
+2 1
+2 1
+1 1
+2 1
-8 6
+1 6
+2 6
+2 6
+1 6
+2 8
+9 1
+1 1
-1 5
+1 5
+3 6
+1 6
+1 6
+5 5
+2 5
+1 5
+1 5
+1 5
+2 5
+1 5
+1 5
+1 5
+2 5
+1 5
+2 5
+22 6
+6 6
+1 6
+2 2

fl=(30)
fn=(148)
49 1
+3 4
+48 1
+4 2

fn=(200)
890 3
+9 1
-9 1
+6 2
+8 5
+41 1
+1 3
+1 4

fn=(202)
450 2
-1 7
+5 1
+6 3
-6 1
+6 1
-4 1
+16 1
-15 3
+20 6
+6 16
+3 1
+1 2
+6 3
+3 1
-2 2
+2 4
+1 1
+3 1
-1 3
+4 2
+1 4
+2 2
+9 6
cfi=(25)
cfn=(70)
calls=1 61 
* 23
* 4
cfi=(26)
cfn=(72)
calls=1 53 
* 30
* 2
-38 3
+52 2
+2 1
+1 8

fn=(164)
354 3
+2 1
+11 3
cfi=(17)
cfn=(44)
calls=1 52 
* 76
* 1
+1 2
+7 2
+4 1
-57 1
+57 296
-58 2
+1 2
cfi=(17)
cfn=(36)
calls=1 103 
* 38
* 1
+1 2
+3 1
+6 2
+64 5

fn=(162)
138 7
+6 3
+3 2
+36 3
+2 10
+3 1
-1 1
+5 2
-5 3
+3 3
+2 5
+16 3
+2 2
-2 2
+2 2
+10 1
-37 2
+25 1
-25 4
+40 4
+1 1
+51 1
+1 8

fn=(88)
115 2
+1 2

fl=(14)
fn=(30)
24 13
+1 13
+1 13
+1 13
+1 13
+1 13
+1 13
+1 13
+3 13
+1 13
+1 5
+1 5
+1 5
+1 5
+1 5
+1 5
+1 5
+2 12
+1 12
+1 4
+1 4
+1 4
+1 4
+1 4
+1 4
+1 4
+2 12
+1 12
+1 5
+1 5
+1 5
+1 5
+1 2
+1 2
+1 2
+2 9
+1 9
+1 5
+1 5
+1 5
+1 5
+5 4
+1 4
+1 4
+1 4
+1 4
+1 4
+1 4
+1 2
+1 2
+1 2
+1 2
+1 2
+7 2
+2 3
+4 8
+1 8
+1 1
+1 1
+1 1
+1 1
+1 1
+1 1
+1 1
+1 1
+1 1
+1 1
+1 1
+4 9
+1 9

ob=(2)
fl=(16)
fn=(350) 0x0000000004c498a0
0 7
cob=(3)
cfi=(77)
cfn=(352) malloc
calls=7 2902 
0 1475

fn=(482) 0x0000000004c498a8
0 6
cob=(3)
cfi=(77)
cfn=(466)
calls=6 2934 
0 858

fn=(216)
0 6

fn=(516) 0x0000000004a28570
0 1
cob=(3)
cfi=(108) /build/glibc-Cl5G7W/glibc-2.23/stdlib/cxa_finalize.c
cfn=(518) __cxa_finalize
calls=1 31 
0 56

fn=(530)
0 3

fn=(274) 0x0000000000400660
0 6

fn=(508)
0 3

fn=(82)
0 1
cob=(1)
cfi=(17)
cfn=(84)
calls=1 120 
0 6

ob=(3)
fl=(62)
fn=(242) handle_intel
262 4
-1 4
+17 2
-17 12
+14 2
+1 4
-3 6
+23 8
cfn=(244) intel_check_word
calls=2 133 
* 666
+1 4
+3 10
cfn=(244)
calls=2 133 
* 238
+1 4
-17 4
+5 2
-5 6
+5 2
+2 2
+1 2
-1 4
+27 16

fn=(244)
133 8
+6 4
-7 20
+7 16
-7 4
+7 4
+2 4
-2 4
+2 4
+68 8
+3 24
-69 4
+2 8
-2 6
+2 12
+8 20
+51 16
+22 8
fi=(63) /build/glibc-Cl5G7W/glibc-2.23/string/../bits/stdlib-bsearch.h
27 8
+1 16
+3 16
+1 8
fe=(62)
+89 16
fi=(63)
-90 12
+1 6
fe=(62)
+89 12
+3 54
fi=(63)
-95 44
+2 44
-2 44
+2 80
+1 40
fe=(62)
+89 80
251 8
141 16
-6 2
256 24
fi=(63)
37 10
-8 24
fe=(62)
165 6
+3 6
+4 4
+2 4
+1 14
+2 7
-12 2
+12 2
+1 10
+1 10
+1 6
+17 3
-32 9
+3 9
+4 6
+2 6
+1 12
+2 12
+5 2
+2 4
+2 32

fn=(240)
482 2
+12 1
-12 3
+12 3
+2 4
cfn=(242)
calls=1 262 
* 455
+4 2
-4 1
+4 1
cfn=(242)
calls=1 262 
* 547
+2 1
-2 1
-1 1
+3 1
+9 2
+2 1
+1 1
+2 1
+5 2
+9 4
-9 4
+9 16
-9 12
+6 8
+69 4
+1 5
+55 2
+2 1
+1 1
+2 1
-3 1
+5 1
-5 1
+4 3
+4 2
+2 1
+1 1
+2 1
-3 1
+5 1
-5 1
+4 2
+3 1
-3 1
+3 5
532 1
+32 1
-26 6
+7 5
+2 1
+1 1
+1 2
-4 4
+2 1
+1 1
+1 6
+2 2
-6 2
+6 2
+5 1
+2 2
+1 1
-1 1
+1 3
+6 1
-1 1
+1 5

fl=(75) /build/glibc-Cl5G7W/glibc-2.23/stdlib/../stdlib/strtol.c
fn=(414) __strtol_internal
98 6150
cfi=(76) /build/glibc-Cl5G7W/glibc-2.23/stdlib/../stdlib/strtol_l.c
cfn=(302) ____strtol_l_internal
calls=2050 227 
* 417945

fn=(300) strtol
106 8
cfi=(76)
cfn=(302)
calls=2 227 
* 378

fl=(90)
fn=(384)
26 20500
+4 30750
+3 2050
-2 2050
+3 8200
-1 10250
+1 2050
cfi=(91) /build/glibc-Cl5G7W/glibc-2.23/stdio-common/vfscanf.c
cfn=(386) _IO_vfscanf
calls=2050 279 
* 1628698
fi=(95) /build/glibc-Cl5G7W/glibc-2.23/stdio-common/../libio/libioP.h
875 2050
+1 2050
fe=(90)
34 2050
fi=(95)
876 2050
+1 16400
fe=(90)
39 8200

fl=(108)
fn=(518)
31 4
+17 1
-17 4
+4 4
+4 6
-4 3
+32 4
+4 6
-4 3
+12 2
+3 1
-2 1
+2 6
-2 1
cfi=(109) /build/glibc-Cl5G7W/glibc-2.23/nptl/unregister-atfork.c
cfn=(520) __unregister_atfork
calls=1 -52 
* 10

fl=(80) /build/glibc-Cl5G7W/glibc-2.23/elf/dl-addr.c
fn=(316) _dl_addr
126 9
+5 1
-5 2
+5 2
cob=(1)
cfi=(2)
cfn=(50)
calls=1 704 
* 2
+2 2
cob=(1)
cfi=(66)
cfn=(261)
calls=1 -69 
* 1190
* 5
+2 2
30 1
+1 1
-1 1
+1 1
+3 2
+5 1
+6 1
-7 1
+2 2
+2 1
-2 1
+2 1
+3 1
+5 8
+2 1
+1 2
-1 1010
+1 2020
+2 3628
+9 2010
+7 24
-2 24
+2 2259
-2 2211
+2 5750
-10 11175
+2 8940
+1 14318
+7 1011
-21 2022
+49 3
+1 1
+1 3
+3 2
+37 2
cob=(1)
cfi=(2)
cfn=(52)
calls=1 710 
* 2
+3 9
-28 1
+1 1
+21 2

fl=(56)
fn=(228)
52 8
+6 3
+14 1
fi=(58) /build/glibc-Cl5G7W/glibc-2.23/csu/../sysdeps/unix/sysv/linux/x86_64/init-first.c
-36 1
fe=(56)
+34 1
+1 1
fi=(58)
-35 3
fe=(56)
+36 1
fi=(58)
-36 3
fi=(57) /build/glibc-Cl5G7W/glibc-2.23/csu/../sysdeps/generic/dl-hash.h
+12 3
+14 4
-17 3
+3 9
+14 12
-17 9
fi=(58)
-9 3
+2 2
-2 1
+2 2
cfi=(49) /build/glibc-Cl5G7W/glibc-2.23/elf/../sysdeps/unix/sysv/linux/dl-vdso.c
cfn=(184) _dl_vdso_vsym
calls=1 -11 
* 6
+1 2
+5 2
-3 2
+1 1
+2 1
cfi=(49)
cfn=(184)
calls=1 -17 
* 6
fe=(56)
+42 3
fi=(58)
-41 2
+1 1
fe=(56)
+40 1
cfi=(59) /build/glibc-Cl5G7W/glibc-2.23/misc/init-misc.c
cfn=(234) __init_misc
calls=1 -55 
* 48
+8 1
cfi=(61) /build/glibc-Cl5G7W/glibc-2.23/ctype/ctype-info.c
cfn=(238) __ctype_init
calls=1 -63 
* 16
+5 6
-34 1
-7 1
+7 4
fi=(58)
-25 2
fe=(56)

fl=(47)
fn=(180)
38 1
-1 1
+1 6
fi=(48) /build/glibc-Cl5G7W/glibc-2.23/time/../sysdeps/generic/dl-hash.h
+10 3
+14 4
-17 3
+3 9
+14 12
-17 9
fe=(47)
-7 3
+3 2
-3 1
+3 1
cfi=(49)
cfn=(184)
calls=1 -14 
* 6
+1 3
+1 2

fl=(53)
fn=(198)
0 11

fl=(52)
fn=(194)
37 1
-1 1
+1 6
fi=(48)
+11 3
+14 4
-17 3
+3 9
+14 12
-17 9
fe=(52)
-8 3
+3 2
-3 1
+3 1
cfi=(49)
cfn=(184)
calls=1 -13 
* 6
+1 3
+1 2

fl=(100) /build/glibc-Cl5G7W/glibc-2.23/stdio-common/_itoa.c
fn=(438) _itoa_word
168 4108
+2 2054
+9 54662
+9 2054

fl=(109)
fn=(520)
28 4
+8 1
+3 2
+82 3

fl=(49)
fn=(184)
27 8
+4 8
-3 8

fl=(61)
fn=(238)
31 5
+2 1
+2 1
-4 1
+4 1
-4 1
+2 3
+2 3

fl=(51)
fn=(192)
30 1
+1 1
+1 1
+1 1
+1 1
+1 1

fl=(92) /build/glibc-Cl5G7W/glibc-2.23/libio/filedoalloc.c
fn=(396) _IO_file_doallocate
95 20
+15 24
cfi=(87) /build/glibc-Cl5G7W/glibc-2.23/libio/fileops.c
cfn=(398) _IO_file_stat
calls=4 1229 
* 56
* 8
+2 16
+11 12
+4 8
cob=(2)
cfi=(16)
cfn=(350)
calls=4 0 
* 914
* 4
+2 4
-1 8
+2 16
cfi=(86) /build/glibc-Cl5G7W/glibc-2.23/libio/genops.c
cfn=(402) _IO_setb
calls=4 380 
* 72
+1 4
+1 20
-15 1
-2 9
+5 2

fl=(59)
fn=(234)
31 2
-1 3
+1 4
+2 3
cfi=(60) /build/glibc-Cl5G7W/glibc-2.23/string/../sysdeps/x86_64/strrchr.S
cfn=(236) rindex
calls=1 -9 
* 24
+4 5
+1 3
+2 4

fl=(85)
fn=(348) __fopen_internal
61 18
+8 3
-8 6
+8 3
cob=(2)
cfi=(16)
cfn=(350)
calls=3 -69 
* 568
+2 9
+3 3
+3 12
-3 3
+3 6
cfi=(86)
cfn=(360) _IO_no_init
calls=3 599 
* 174
+4 3
+1 3
-1 3
+1 3
cfi=(87)
cfn=(364) _IO_file_init@@GLIBC_2.2.5
calls=3 +62 
* 282
+4 15
cfi=(87)
cfn=(368) _IO_file_fopen@@GLIBC_2.2.5
calls=3 249 
* 364
* 3
+1 3
-1 3
+6 15
-5 3
cfn=(378) __fopen_maybe_mmap
calls=3 -46 
* 12

fn=(378)
41 3
-2 3
+2 3
+15 3

fn=(346)
97 6
cfn=(348)
calls=3 -36 
* 1517

fl=(76)
fn=(302)
227 18468
+26 4104
+22 2052
-1 2052
+10 8208
+9 12312
+2 4104
+5 4104
+5 2052
-6 2052
+6 2052
+4 4104
+10 4104
+10 6156
526 16416
326 4104
-79 2052
371 2052
+64 8208
+38 2052
-18 2052
-4 2052
+22 2052
-19 2052
-3 2052
+4 2052
-4 2052
+4 4104
-4 4104
-14 33585
-4 22390
+2 46832
+44 4104
+5 4104
+1 2050
+5 4104
+3 6156
-28 33585
+3 53590
+5 11195
+1 44780
+17 6156
+17 4104
348 8208

fl=(88) /build/glibc-Cl5G7W/glibc-2.23/io/../sysdeps/unix/syscall-template.S
fn=(372) open
84 6
cfn=(374) __open_nocancel
calls=3 * 
* 15

fn=(408) read
84 8
cfn=(410) __read_nocancel
calls=4 * 
* 20

fn=(452) __write_nocancel
84 15

fn=(374)
84 15

fn=(410)
84 20

fn=(450) write
84 6
cfn=(452)
calls=3 * 
* 15

fl=(69) /build/glibc-Cl5G7W/glibc-2.23/stdlib/cxa_atexit.c
fn=(270) __new_exitfn
73 2
+6 1
-6 1
+6 1
-6 1
+6 4
+2 6
+2 3
-2 1
+10 2
-10 2
+45 1
+1 1
+3 4
+3 5
-21 1
+1 2

fn=(268) __cxa_atexit
57 5
-22 1
+22 1
-22 1
cfn=(270)
calls=1 +38 
* 38
+2 2
+4 1
+3 1
+1 1
-4 2
+2 1
+4 1
+1 1
+11 4

fl=(97)
fn=(430)
28 8
+4 1
+1 2
-1 5
+1 3
cfi=(98) /build/glibc-Cl5G7W/glibc-2.23/stdio-common/vfprintf.c
cfn=(432) vfprintf
calls=1 1236 
* 2354
+4 2

fl=(102)
fn=(458)
27 7168
+4 1024
+1 1024
-1 5120
+1 1024
cfi=(98)
cfn=(432)
calls=1024 1236 
* 601068
+4 2048

fl=(110) /build/glibc-Cl5G7W/glibc-2.23/posix/../sysdeps/unix/sysv/linux/_exit.c
fn=(542) _Exit
27 2
+4 1
+2 2

fl=(83) /build/glibc-Cl5G7W/glibc-2.23/misc/sbrk.c
fn=(336) sbrk
34 2
+8 2
-8 6
+8 9
+4 4
+4 6
+12 5
-19 2
cfi=(84) /build/glibc-Cl5G7W/glibc-2.23/misc/../sysdeps/unix/sysv/linux/x86_64/brk.c
cfn=(338) brk
calls=1 -12 
* 12
* 4
+15 2
cfi=(84)
cfn=(338)
calls=1 -27 
* 12
* 2
+4 5

fl=(103)
fn=(472)
39 9
+14 3
-14 3
+14 6
+9 12
cfi=(87)
cfn=(486) _IO_file_finish@@GLIBC_2.2.5
calls=3 200 
* 81
+1 9
+18 18
+3 6
cob=(2)
cfi=(16)
cfn=(482)
calls=3 -84 
* 469
+4 15
-34 3
cfi=(86)
cfn=(474) _IO_un_link
calls=3 +6 
* 283
+2 57
+1 6
+1 6
cfi=(87)
cfn=(476) _IO_file_close_it@@GLIBC_2.2.5
calls=3 160 
* 779
* 9
fi=(104) /build/glibc-Cl5G7W/glibc-2.23/libio/libioP.h
866 6
+1 27
fe=(103)
78 6

fl=(98)
fn=(432)
1236 8200
+31 3075
+8 3077
+4 5125
+11 5125
+11 1025
fi=(112) /build/glibc-Cl5G7W/glibc-2.23/stdio-common/printf-parse.h
108 3075
fe=(98)
1316 1025
-15 5125
fi=(112)
108 1025
cfi=(99) /build/glibc-Cl5G7W/glibc-2.23/string/../sysdeps/x86_64/strchr.S
cfn=(434) strchrnul
calls=1025 -84 
* 20500
fe=(98)
1316 1025
fi=(112)
108 1025
fe=(98)
1312 1025
+4 2050
+4 8200
cfi=(87)
cfn=(436) _IO_file_xsputn@@GLIBC_2.2.5
calls=1025 -33 
* 4100
* 4100
1685 5125
+3 1025
+1 8200
1275 2046
+41 6150
+1 14350
1685 5125
+1 2050
1320 2050
+4 1025
-4 1025
+4 2050
+4 12300
1552 2050
-21 2050
1632 2050
-1 2050
1370 15405
-7 1027
-1 1027
-3 1027
-1 1027
+8 1027
+4 1027
-3 1027
-10 1027
-1 1027
-1 1027
-1 1027
-1 1027
+14 1027
-15 1027
-1 1027
-1 1027
-1 1027
+18 2054
1649 1027
+2 2054
+8 1027
fi=(112)
108 2054
fe=(98)
1659 1027
fi=(112)
108 1027
fe=(98)
1659 1027
fi=(112)
108 2054
cfi=(99)
cfn=(434)
calls=1027 -84 
* 20540
fe=(98)
1663 1027
-4 1027
+4 11297
cfi=(87)
cfn=(436)
calls=1027 1287 
* 66915
* 13351
+2 3079
-61 32
-1 2
+1 4
+7 32
-1 2
-1 2
+2 4
+20 64304
cfi=(87)
cfn=(436)
calls=1027 1287 
* 69316
* 10270
+1 2054
-1 11264
cfi=(100)
cfn=(438)
calls=1027 168 
* 62878
* 28762
cfi=(86)
cfn=(460) __overflow
calls=1 230 
* 330
* 22605
-38 16400
-1 1025
+1 2050
+38 12

fl=(74)
fn=(298)
26 2
+1 6
cfi=(75)
cfn=(300)
calls=2 +79 
* 386
+1 4

fl=(84)
fn=(338)
31 16
+8 2
-6 4
+7 2

fl=(64)
fn=(248)
33 3
+1 1

fl=(46)
fn=(178)
109 1
+1 1
+1 1
+1 1
+10 1

fn=(188)
129 1
+1 1
+1 1
+1 1
+10 1

fl=(99)
fn=(434)
24 2052
+1 2052
+1 2052
+1 2052
+1 2052
+1 2052
+1 2052
+1 2052
+1 2052
+1 2052
+1 2052
+1 2052
+1 2052
+1 2052
+1 2052
+1 2052
+1 2052
+1 2052
+2 2052
+7 2052

fl=(68)
fn=(266)
134 7
+4 1
-4 3
+4 3
+82 1
-82 1
+82 1
+1 4
cfi=(69)
cfn=(268)
calls=1 57 
* 60
+22 4
+3 2
+1 5
cob=(5)
cfi=(65)
cfn=(272) __libc_csu_init
calls=1 0 
* 56
+4 4
+15 2
+12 2
cfi=(70) /build/glibc-Cl5G7W/glibc-2.23/setjmp/../sysdeps/x86_64/bsd-_setjmp.S
cfn=(286) _setjmp
calls=1 30 
* 30
+1 2
+5 2
+1 2
+3 2
+3 6
cob=(5)
cfi=(73) /home/v/Documents/Eurecom/CompMeth/assignment2/work/src/lab2.c
cfn=(292) main
calls=1 112 
* 920987590
+34 2
cfi=(105) /build/glibc-Cl5G7W/glibc-2.23/stdlib/exit.c
cfn=(490) exit
calls=1 104 
* 897
138 2

fl=(86)
fn=(444) _IO_default_xsputn
425 4
-3 20
+8 24
+2 3
+3 2
+10 3
+5 3
-1 2
+1 6
-1 4
+2 3
+2 1
+2 32
cfi=(87)
cfn=(440) _IO_file_overflow@@GLIBC_2.2.5
calls=4 808 
* 132
* 8
+2 4
-2 8
+4 2
+1 2
-1 2
+1 10

fn=(460)
230 3
+2 3
cfi=(87)
cfn=(440)
calls=1 808 
* 324

fn=(474)
60 12
-1 12
+5 18
+1 30
+2 3
-2 3
+1 3
+1 3
-2 3
+2 3
-2 3
+2 39
+2 3
-2 9
+2 6
+2 6
+6 6
+1 7
-1 3
+7 3
+2 3
-2 3
+2 24
+2 3
-1 3
+1 24
+1 6
+3 15
-6 21
-9 1
+3 1
+1 1
-1 3
+1 1
-1 2
-7 1
+1 1
-1 2
+4 2

fn=(534) _IO_flush_all_lockp
760 8
+6 3
+11 2
+16 2
-17 2
-1 2
+1 3
-1 1
+1 1
+3 9
+10 6
+4 3
-2 3
+2 6
+7 3
-27 6
+31 2
+2 2
+4 9
-38 1
-6 1
+5 1
+2 2
+6 12

fn=(366) _IO_link_in
98 18
-1 6
+3 6
-3 3
+5 3
-2 3
+2 15
+1 30
+2 3
-2 3
+1 3
+1 3
-2 3
+2 3
-2 3
+2 39
+2 3
-2 3
+4 3
+2 3
-3 3
-1 3
+4 21
+2 3
-1 3
+1 24
+1 6
+3 15
-6 21

fn=(390) _IO_default_uflow
413 4
-1 8
+1 4
cfi=(87)
cfn=(392) _IO_file_underflow@@GLIBC_2.2.5
calls=4 539 
* 1018
+1 8
+2 16
+1 8

fn=(488) _IO_default_finish
639 12
+2 9
+6 9
+3 9
60 6
662 12

fn=(362) _IO_old_init
586 3
-16 3
+1 3
+15 3
+5 3
-21 3
+2 3
+1 3
+1 3
+17 3
-16 3
+1 3
+1 3
+1 3
+1 3
+1 3
+2 3
+1 3
+1 3
+1 3
+6 3
+1 12

fn=(402)
380 21
+1 34
+3 7
+2 28
-3 7
+3 14
+3 30
-7 3
cob=(2)
cfi=(16)
cfn=(482)
calls=3 0 
* 395
* 15

fn=(478) _IO_unsave_markers
1049 3
-2 3
+2 3
+19 9
+2 3

fn=(360)
599 27
+1 3
cfn=(362)
calls=3 -14 
* 75
+3 3
-2 3
+2 3
+2 3
+1 3
+1 3
+1 3
+1 3
+1 3
+1 3
+1 3
+1 3
+1 3
+1 3
+1 3
+2 3
+7 3
+1 18

fn=(404) _IO_switch_to_get_mode
176 8
-1 8
+1 4
+3 12
+5 4
-1 8
+1 4
+7 4
-4 4
+2 8
+2 4
+1 4
+1 8

fn=(412) _IO_sputbackc
673 4100
+3 4100
-3 4100
+3 8200
+1 16400
+9 4100
+3 8200
-10 12300

fn=(388) __uflow
348 4
+2 12
+6 24
+3 8
+2 8
+6 8
+7 8
+1 4
-1 8
cfn=(390)
calls=4 +39 
* 1066
-24 8
+22 12

fn=(394) _IO_doallocbuf
395 8
-1 12
+3 16
+1 12
cfi=(92)
cfn=(396)
calls=4 95 
* 1198
* 8
+3 16

fn=(532) _IO_cleanup
948 2
+3 1
-3 2
-50 1
+50 1
+3 1
cfn=(534)
calls=1 760 
* 90
-63 1
+63 1
-63 2
+10 3
+8 5
+2 2
+2 1
+1 1
-1 1
+2 2
+3 5
cfi=(87)
cfn=(536) _IO_file_setbuf@@GLIBC_2.2.5
calls=1 450 
* 66
+2 3
+4 2
+7 3
-40 9
+2 6
+2 7
+6 12
+65 7
-42 3
+1 8

fn=(538) _IO_default_setbuf
522 4
+1 1
-1 2
+1 1
cfi=(87)
cfn=(540) _IO_file_sync@@GLIBC_2.2.5
calls=1 868 
* 13
* 2
+9 1
-7 1
+7 1
-7 1
388 1
-5 1
+1 1
+4 1
535 1
+2 1
-2 2
+1 3
+2 4
381 1
527 1
+1 1
-1 1
+1 1
381 4

fl=(77)
fn=(330) malloc_consolidate
4144 8
-22 24
+23 9
+12 3
5002 3
4147 3
+11 3
-1 3
5004 3
-2 3
+2 15
4160 6
+1 6
-1 54
+1 63
+26 3
+4 3
-3 3
+1 3
+2 3
+5 3
+1 3
+1 3
-2 3
+12 3
-12 3
+3 6
+9 3
-41 3
-3 3
+3 6
+1 3
+1 6
+2 6
+7 6
+3 6
+4 6
+23 6
+3 120
+6 24
4996 4
1808 3
-3 2
+3 378
-3 252
+7 3
+5 1
+2 1
-2 2
-1 3

fn=(466)
2934 45
+5 18
+1 18
+6 18
+5 9
-2 9
+2 18
+16 27
+1 18
cfn=(340) _int_free
calls=9 3841 
* 1105
+1 54

fn=(308)
3081 3
-12 9
+1 3
+11 3
+1 6
+4 4
+4 4
+28 26
+2 8
cfn=(326) _int_memalign
calls=2 4411 
* 962
+1 2
-1 2
+1 2
+8 8
+2 22
-59 8
+23 6
+7 8
+8 6
-38 3
+11 1
cfi=(78) /build/glibc-Cl5G7W/glibc-2.23/malloc/hooks.c
cfn=(310) memalign_hook_ini
calls=1 46 
* 59457
+27 4

fn=(326)
4411 9
-14 12
+14 15
-14 6
+24 9
cfn=(328) _int_malloc
calls=3 3349 
* 1682
+2 3
-2 3
+2 3
+5 3
-2 3
+2 9
+9 15
+2 3
+1 3
-1 3
+1 6
+4 3
-1 6
+1 9
+3 6
+8 9
+3 3
+1 3
-1 3
+1 3
-1 3
+1 3
cfn=(340)
calls=3 3841 
* 222
+3 24
+5 15
+15 3
+1 18
-13 3
-1 3
+1 6
-15 9
+2 3
+1 9

fn=(328)
3349 30
-30 20
+30 10
-30 40
+30 30
-30 10
+30 30
+4 30
+14 20
+37 20
+2 9
+1 9
+2 3
-2 3
+2 6
+39 46
+1 14
+1 8
cfn=(330)
calls=4 4144 
* 1092
3819 140
-2 10
+2 10
-2 10
+2 20
5002 10
3817 10
+2 10
5004 10
3819 10
5004 10
3819 30
5004 20
3819 40
5002 20
3469 20
+66 6
+1 9
+1 3
-1 6
+51 15
+7 3
-6 3
+1 3
+1 3
+1 3
+3 3
3469 39
+3 3
-1 3
+1 6
+1 6
+3 3
+10 6
+34 3
-5 3
+1 3
+4 3
+13 6
3833 90
3603 20
+73 20
+1 20
+1 20
+1 20
+1 20
+5 20
+4 30
+3 28
-3 21
+3 12
-3 6
3792 10
+3 10
-2 20
+2 20
+17 2
3605 21
+3 7
-3 7
+3 21
3448 12
1879 4
3827 3
cfn=(332) sysmalloc
calls=1 2268 
* 249
+1 2
-28 9
-3 9
+1 9
+2 9
-1 9
+1 18
+2 9
-2 36
+2 9
+3 9
1879 27

fn=(332)
2268 8
+20 1
+11 1
-11 1
+11 1
+1 5
fi=(79) /build/glibc-Cl5G7W/glibc-2.23/malloc/arena.c
488 3
fe=(77)
2315 5
+65 1
+1 3
+10 1
-9 1
+9 5
+6 4
+3 3
2723 2
+1 1
+8 4
+5 1
-3 1
+3 1
-2 1
+2 3
+1 1
-1 1
-1 1
+4 1
-3 2
+1 1
+8 9
2463 1
-8 4
+8 1
+21 5
cfi=(82) /build/glibc-Cl5G7W/glibc-2.23/malloc/morecore.c
cfn=(334) __default_morecore
calls=1 46 
* 62
* 1
+1 1
+3 4
+3 2
+1 2
+20 2
+26 2
+2 2
+6 1
-6 1
+6 1
2321 1
2464 1
+10 5
+8 1
-8 1
+8 1
+67 7
+37 2
+6 3
+19 1
+3 2
+1 5
+2 1
-2 1
+2 1
+1 3
cfi=(82)
cfn=(334)
calls=1 46 
* 25
+12 2
+8 1
+1 1
-1 2
+1 2
+39 1
+1 1
-2 1
+1 3
+12 1
-12 1
+1 1
+11 1
2539 5

fn=(352)
2902 21
+5 14
+1 14
+3 48
+2 18
cfn=(328)
calls=6 3349 
* 1000
+3 6
-3 6
+3 6
+8 24
+2 66
+3 24
-18 36
-2 1
+20 3
-20 1
cfi=(78)
cfn=(354) malloc_hook_ini
calls=1 29 
* 187

fn=(340)
3841 108
+13 12
-13 12
+13 24
+6 48
+1 24
+11 48
+13 24
+11 12
+1 9
1886 3
3921 3
1886 6
3923 9
+1 6
+4 3
-4 3
+1 3
+9 21
+9 12
+2 3
+2 18
4105 96
3960 18
+1 27
+15 18
+8 27
+6 18
+1 18
+1 18
1886 27
4001 18
+1 5
+2 5
-1 5
+2 82
+3 18
+5 14
+1 60
+1 4
+11 4
-1 4
+2 8
-1 3
-1 3
+2 6
+7 7
-2 7
+1 7
+1 7
+2 7
+1 7
+2 7
+1 7
+2 21
+1 7
+30 18
+1 4
+3 6
3962 45
+8 9
-4 9
+4 27
-7 18
4093 27
+1 27
+1 45
3949 12
+68 6
-3 6
+40 2
+1 6
+1 4
-80 45
4079 10

fl=(60)
fn=(236)
24 1
+1 1
+1 1
+1 1
+1 1
+1 1
+1 1
+1 1
+1 1
+1 1
+1 1
+1 1
+1 1
+1 1
+1 1
+1 1
+1 1
+1 1
+1 1
+1 1
+1 1
+1 1
+1 1
+1 1

fl=(89) /build/glibc-Cl5G7W/glibc-2.23/string/../string/strstr.c
fn=(376) __GI_strstr
53 21
+10 9
+2 6
+1 3
+23 24
-26 3
-5 6

fl=(79)
fn=(314) ptmalloc_init.part.5
258 6
+13 1
-8 1
+8 1
+6 3
+2 5
+16 2
-56 79
-18 240
+2 158
+1 2
+1 2
340 2
+6 2
+1 2
+2 1
+1 7
-78 5
cfi=(80)
cfn=(316)
calls=1 126 
* 57669
* 2
+1 4

fl=(105)
fn=(490)
104 1
-1 1
+1 2
cfn=(492) __run_exit_handlers
calls=1 -69 
* 893

fn=(492)
35 8
+5 1
cfi=(106) /build/glibc-Cl5G7W/glibc-2.23/stdlib/cxa_thread_atexit_impl.c
cfn=(494) __call_tls_dtors
calls=1 145 
* 11
* 1
+6 8
+4 6
+3 1
-1 1
+2 5
+33 1
+1 1
-1 1
+1 1
+6 2
+1 5
cfi=(86)
cfn=(532)
calls=1 948 
* 248
* 3
+2 2
cfi=(110)
cfn=(542)
calls=1 -70 
* 5
-19 1
+4 1
-4 1
+2 1
+2 1
-2 2
+2 1
cob=(1)
cfi=(107)
cfn=(496)
calls=1 +48 
* 573
+1 1

fl=(101) /build/glibc-Cl5G7W/glibc-2.23/string/../sysdeps/x86_64/memcpy.S
fn=(446) __GI_mempcpy
61 2053
+4 2053
+3 2053
+1 2053
+2 1460
+1 1460
+2 1460
+1 1460
+5 1460
+1 1460
-1 593
+1 593
+2 82
+1 82
+2 82
+1 82
+5 82
+1 82
-1 1971
+1 1971
+2 943
+1 943
+2 943
+1 943
+5 943
+1 943
-1 1110
+1 1110
+2 1
+1 1
+2 1
+1 2
+5 1
+1 1
-1 2052
+1 2052
+21 2053
+4 2053

fl=(106)
fn=(494)
145 3
+1 4
+18 4

fl=(87)
fn=(436)
1287 3079
-1 6158
-6 20540
+13 8216
+17 8196
+1 2048
+3 8197
+5 8212
cfi=(101)
cfn=(446)
calls=2053 61 
* 38687
* 2053
+6 2053
-1 2053
+1 4106
+2 4106
+27 4108
+1 17457
-24 5
cfn=(440)
calls=1 808 
* 337
* 2
+6 6
+1 9
+2 9
+11 6
+1 8
cfi=(86)
cfn=(444)
calls=2 425 
* 275
* 4
-57 15
+1 10
+3 15
+2 55
-2 42
+39 12
-35 1
+11 5
+17 8
cfn=(440)
calls=2 808 
* 234
* 4

fn=(536)
450 2
+1 1
cfi=(86)
cfn=(538)
calls=1 +71 
* 51
* 2
+4 2
-1 2
+2 3
+2 1
+1 2

fn=(440)
808 24
+7 8
-8 40
+8 32
+35 16
+3 10
+3 15
+1 15
+1 18
+4 5
+1 20
-45 4
+12 4
+9 8
+8 2
-4 2
+3 4
-2 4
-3 2
+1 4
+5 2
-1 2
+1 6
+1 2
+3 6
+12 9
-12 3
cfn=(442) _IO_do_write@@GLIBC_2.2.5
calls=3 494 
* 194
-31 4
cfi=(86)
cfn=(394)
calls=2 395 
* 550
+1 12

fn=(442)
494 12
+1 1
-3 24
+11 6
+7 12
+8 15
cfn=(448) _IO_file_write@@GLIBC_2.2.5
calls=3 1258 
* 132
* 3
+1 15
+6 3
-4 3
+4 3
-4 9
+1 6
+3 5
-2 2
-29 8
+1 12
+28 1
-29 4
+1 6
+29 8

fn=(486)
200 3
+1 3
-1 3
+1 3
+6 6
+1 3
-1 3
cfi=(86)
cfn=(488)
calls=3 639 
* 57

fn=(392)
539 12
+6 12
-14 16
+17 8
+13 8
+20 8
cfi=(86)
cfn=(404)
calls=4 176 
* 80
+6 4
+5 16
-5 8
+1 4
+2 4
-1 8
+3 4
cfn=(406) _IO_file_read
calls=4 1216 
* 44
+2 8
+16 4
-9 4
+9 8
+2 8
+1 16
-62 6
+5 4
cfi=(86)
cfn=(394)
calls=2 395 
* 720
* 4

fn=(398)
1229 4
+1 12
cfi=(93) /build/glibc-Cl5G7W/glibc-2.23/io/../sysdeps/unix/sysv/linux/wordsize-64/fxstat.c
cfn=(400) _fxstat
calls=4 34 
* 40

fn=(480) _IO_file_close
1250 15
+1 3

fn=(406)
1216 16
cfi=(88)
cfn=(408)
calls=4 84 
* 28

fn=(448)
1258 3
-2 18
+2 12
+4 6
+1 6
+10 9
+3 18
-13 12
cfi=(88)
cfn=(450)
calls=3 84 
* 21
+1 6
+5 3
+1 3
-12 15

fn=(476)
160 9
-2 6
+9 3
-9 3
+5 15
+6 3
+3 3
-3 3
cfi=(86)
cfn=(478)
calls=3 1049 
* 21
+3 6
+4 9
+9 15
cfi=(86)
cfn=(402)
calls=3 380 
* 482
+1 6
+3 3
-3 3
+1 9
+2 3
cfi=(86)
cfn=(474)
calls=3 60 
* 9
+5 6
-4 3
+1 3
+1 3
+2 3
+1 12
-23 9
cfn=(480)
calls=3 1250 
* 18
* 6
-7 7
cfn=(442)
calls=1 494 
* 96
* 2

fn=(368)
249 21
+11 6
+2 11
+9 1
-2 1
+1 1
+17 36
+41 18
cfn=(370) _IO_file_open
calls=3 214 
* 135
+3 3
-3 3
+3 3
+17 9
cfi=(89)
cfn=(376)
calls=3 53 
* 72
+1 3
-1 3
+1 3
-83 2
-1 2
-15 4
425 3
-76 3
+76 21

fn=(540)
868 1
+5 1
-5 1
+5 3
+2 1
+1 2
+17 2
+4 2

fn=(364)
144 6
+4 3
-4 6
+5 3
-1 3
+3 3
cfi=(86)
cfn=(366)
calls=3 -53 
* 243
+1 3
+1 12

fn=(370)
214 18
+3 6
+8 6
+3 6
+3 3
-3 3
-1 3
+1 6
+3 3
-3 3
+3 3
+10 6
cfi=(86)
cfn=(366)
calls=3 98 
* 12
+1 3
+1 12
-22 12
cfi=(88)
cfn=(372)
calls=3 84 
* 21
* 9

fl=(70)
fn=(286)
30 1
+2 1
cfi=(71) /build/glibc-Cl5G7W/glibc-2.23/setjmp/../sysdeps/x86_64/setjmp.S
cfn=(288) __sigsetjmp
calls=1 -6 
* 28

fl=(78)
fn=(354)
29 4
fi=(79)
260 1
fe=(78)
30 1
fi=(79)
260 1
fe=(78)
30 1
fi=(79)
260 2
fi=(77)
2908 2
+3 7
+2 3
cfn=(328)
calls=1 3349 
* 137
+3 1
-3 1
+3 1
+8 4
+2 11
fe=(78)
33 4
fi=(77)
2911 6
fe=(78)

fn=(310)
46 5
fi=(79)
260 1
fe=(78)
47 1
fi=(79)
260 1
fe=(78)
47 1
fi=(79)
260 1
fi=(77)
3086 2
+4 2
+28 12
+2 4
cfn=(326)
calls=1 4411 
* 1191
+1 1
-1 1
+1 1
+8 4
+2 11
fe=(78)
50 5
fi=(77)
3095 3
+7 4
+8 3
+21 2
cfi=(79)
cfn=(314)
calls=1 258 
* 58194
-50 2
+1 1
-12 1
+12 1
+28 2
fe=(78)

fl=(82)
fn=(334)
46 2
+1 2
cfi=(83)
cfn=(336)
calls=2 -13 
* 73
+1 6
+4 4

fl=(71)
fn=(288)
26 1
+9 1
+1 2
+1 1
+4 1
+1 1
+1 1
+1 1
+1 1
+2 2
+2 1
+1 1
+1 1
+2 2
+2 1
+9 1
cfi=(72) /build/glibc-Cl5G7W/glibc-2.23/setjmp/sigjmp.c
cfn=(290) __sigjmp_save
calls=1 -36 
* 9

fl=(91)
fn=(386)
279 20500
+11 2050
-11 4100
+11 4100
+1 2050
fi=(94) /build/glibc-Cl5G7W/glibc-2.23/stdio-common/../include/scratch_buffer.h
79 2050
fe=(91)
291 2050
fi=(94)
78 8200
fe=(91)
341 12300
+6 6152
+3 10250
+4 2050
+20 2050
-20 2050
+20 2050
-13 4100
+6 2050
+2 6150
+5 2050
-5 2050
+5 12300
2671 2050
315 2050
-30 2050
-1 4100
+95 2050
2671 2050
2215 4100
334 4100
-4 2050
-1 2050
-1 4100
-1 2050
-32 2050
-12 2050
2215 2050
383 12300
+37 6150
+23 2050
+1 2050
-1 2050
+1 2050
3024 16400
fi=(94)
86 10250
fe=(91)
3027 6150
+3 4100
+17 8200
+6 18450
449 4100
347 4096
+27 12300
+92 2050
223 2050
+1 4100
489 8200
-6 6150
+24 4100
+21 2050
+7 2050
-7 6150
+10 20500
+80 4100
+5 4100
-1 2050
+1 2050
+1 8200
+3 2050
+1 8200
-1 4100
+1 2050
-1 2050
+1 10250
+6 24582
+3 8192
-3 8192
+3 12292
-3 4
+3 6
-3 8196
+3 2050
+1 4100
+1 10250
-1 2050
+1 8200
+4 2050
-4 4100
cfi=(86)
cfn=(412)
calls=2050 +34 
* 30750
+4 16400
542 8200
+6 4100
+76 6150
+10 4
cfi=(86)
cfn=(388)
calls=2 348 
* 952
* 4
+2 4100
507 18450
288 2050
3014 10250
1401 4100
-1 2050
+4 18450
+5 2050
-5 2050
+5 4100
+9 10250
1748 10250
fi=(94)
114 8200
fe=(91)
1739 52940
+2 26470
+5 79410
+64 6150
+7 6150
+1 4100
+28 12300
cfi=(86)
cfn=(412)
calls=2050 673 
* 30750
* 2050
261 4100
+3 8200
1850 4100
+17 2050
+1 6150
-1 2050
+1 2050
-1 4100
+1 2050
cfi=(75)
cfn=(414)
calls=2050 98 
* 424095
+6 6150
+3 8200
+2 4100
+4 4100
2458 6150
643 2050
-4 4100
1743 11185
261 33555
+3 33555
1805 44740
+2 111844
-59 10250
+59 6
cfi=(86)
cfn=(388)
calls=2 348 
* 218
* 8
1441 6150
+3 8200
1899 16400
+1 4100
-15 4100
+1 6150

fl=(72)
fn=(290)
28 1
+1 1
-1 2
+1 2
+5 3

fl=(50)
fn=(190)
45 1
+1 1
+1 1
+1 1
+1 1
+1 1

fn=(186)
45 1
+1 1
+1 1
+1 1
+1 1
+1 1

fl=(93)
fn=(400)
34 4
-1 4
+1 4
+1 24
+4 4

ob=(4)
fl=(55)
fn=(220)
0 17

fn=(510)
0 8
cob=(2)
cfi=(16)
cfn=(516)
calls=1 0 
0 57
0 1
cfn=(524) 0x0000000000000580
calls=1 0 
0 9
0 3

fn=(524)
0 9

ob=(5)
fl=(73)
fn=(292)
112 8
+6 2
+6 5
cob=(1)
cfi=(66)
cfn=(261)
calls=1 -60 
* 1000
* 5
* 1
+1 4
+6 5
cob=(1)
cfi=(66)
cfn=(261)
calls=1 -67 
* 60397
* 5
* 1
+1 5
cob=(3)
cfi=(77)
cfn=(308)
calls=1 3081 
* 544
* 1
* 1
+1 5
cob=(3)
cfi=(77)
cfn=(308)
calls=1 3081 
* 544
* 1
* 1
+3 5
cob=(3)
cfi=(74)
cfn=(298)
calls=1 26 
* 220
* 1
* 1
+6 3
cob=(1)
cfi=(66)
cfn=(261)
calls=1 -78 
* 1340
* 5
* 1
+1 2
+4 1
+4 1
+4 3072
-4 9216
cob=(3)
cfi=(90)
cfn=(384)
calls=1024 26 
* 867663
* 1024
* 9
cob=(1)
cfi=(66)
cfn=(261)
calls=1 -87 
* 2394
* 5
* 5125
+8 3
cob=(3)
cfi=(85)
cfn=(346)
calls=1 -62 
* 502
* 1
* 1
+1 2
+4 1
+4 1
+4 3072
-4 9216
cob=(3)
cfi=(90)
cfn=(384)
calls=1024 26 
* 867071
* 1024
* 9
cob=(3)
cfi=(90)
cfn=(384)
calls=1 26 
* 1188
* 1
* 5125
+11 3
cfi=(96) /home/v/Documents/Eurecom/CompMeth/assignment2/work/src/time_meas.h
cfn=(420) reset_meas
calls=1 63 
* 12
* 2
fi=(96)
41 5
-14 3
+1 3
+14 3
fe=(73)
181 2
+2 206784
cfn=(422) componentwise_multiply_real_scalar
calls=34464 40 
* 918086496
-2 206789
fi=(96)
27 3
+1 3
+20 1
+8 10
+1 8
+1 6
fe=(73)
195 11
cob=(1)
cfi=(66)
cfn=(261)
calls=1 64 
* 3262
* 5
+3 3
cob=(3)
cfi=(85)
cfn=(346)
calls=1 97 
* 503
* 1
* 1
+1 2
+4 1
+1 1
+1 3072
-1 14339
cob=(3)
cfi=(102)
cfn=(458)
calls=1023 27 
* 617521
cob=(1)
cfi=(66)
cfn=(261)
calls=1 64 
* 1793
* 1028
* 2048
+4 3
cob=(1)
cfi=(66)
cfn=(261)
calls=1 64 
* 1003
* 5
+1 3
cob=(3)
cfi=(77)
cfn=(466)
calls=1 2934 
* 166
* 1
+1 3
cob=(3)
cfi=(77)
cfn=(466)
calls=1 2934 
* 152
* 1
+1 3
cob=(1)
cfi=(66)
cfn=(261)
calls=1 64 
* 1443
* 5
+1 3
cob=(3)
cfi=(103)
cfn=(472)
calls=1 39 
* 586
* 1
+1 3
cob=(3)
cfi=(103)
cfn=(472)
calls=1 39 
* 638
* 1
+2 1
+1 5

fn=(422)
40 241248
+2 68928
+2 776404992
-2 141267936
+7 103392

fl=(65)
fn=(502) 0x0000000000400790
0 8

fn=(272)
0 15
cob=(2)
cfi=(16)
cfn=(274)
calls=1 0 
0 6
0 8
cfn=(278) 0x0000000000400830
calls=1 0 
0 16
0 11

fn=(498)
0 5
cfn=(502)
calls=1 0 
0 8
0 3

fn=(278)
0 16

fn=(252)
0 11
cob=(1)
cfi=(66)
cfn=(260)
calls=1 64 
0 920989642
0 5

fl=(96)
fn=(420)
63 3
+2 2
+1 2
+1 2
+1 3

totals: 921080056
