Scalar	16	427	8028
Scalar	32	581	1412
Scalar	48	869	23148
Scalar	64	981	1066
Scalar	80	720	874
Scalar	96	864	956
Scalar	112	1093	27708
Scalar	128	1168	26335
Scalar	144	1346	1533
Scalar	160	1500	1759
Scalar	176	1585	40903
Scalar	192	1659	1860
Scalar	208	2450	28180
Scalar	224	1997	44982
Scalar	240	2066	2285
Scalar	256	2338	2531
Scalar	272	2286	2520
Scalar	288	2462	2674
Scalar	304	2703	81494
Scalar	320	2900	169945
Scalar	336	2846	3155
Scalar	352	2999	3209
Scalar	368	3104	3352
Scalar	384	3289	3429
Scalar	400	3525	3652
Scalar	416	3777	124997
Scalar	432	3643	3818
Scalar	448	4290	6847
Scalar	464	4400	25359
Scalar	480	4065	4234
Scalar	496	4311	70263
Scalar	512	4414	31326
Scalar	528	4455	4650
Scalar	544	4686	65766
Scalar	560	4627	4900
Scalar	576	4982	48733
Scalar	592	5072	55253
Scalar	608	5163	5370
Scalar	624	5434	58068
Scalar	640	5445	51184
Scalar	656	5454	5738
Scalar	672	5678	5922
Scalar	688	5770	47861
Scalar	704	6031	53565
Scalar	720	6015	6278
Scalar	736	9767	83005
Scalar	752	6608	67662
Scalar	768	6543	33674
Scalar	784	6607	32972
Scalar	800	6968	68788
Scalar	816	7051	52340
Scalar	832	7102	61152
Scalar	848	7335	123730
Scalar	864	7358	50559
Scalar	880	7437	64803
Scalar	896	7537	7791
Scalar	912	7637	7993
Scalar	928	7827	8035
Scalar	944	7961	8237
Scalar	960	8292	137574
Scalar	976	8236	35086
Scalar	992	8517	133367
Scalar	1008	8470	8793
Scalar	1024	8596	8953
Scalar	1040	8834	55614
Scalar	1056	9034	113901
Scalar	1072	9060	60545
Scalar	1088	9172	80094
Scalar	1104	9362	55676
Scalar	1120	9502	60257
Scalar	1136	9637	55289
Scalar	1152	9745	65128
Scalar	1168	10180	146494
Scalar	1184	10106	120052
Scalar	1200	10154	57000
Scalar	1216	10280	55416
Scalar	1232	10483	39613
Scalar	1248	10548	64341
Scalar	1264	10703	54865
Scalar	1280	10804	55201
Scalar	1296	11254	62191
Scalar	1312	12053	53680
Scalar	1328	11389	48588
Scalar	1344	11379	55647
Scalar	1360	11494	53830
Scalar	1376	11620	51993
Scalar	1392	13115	35299
Scalar	1408	12036	59676
Scalar	1424	12387	41574
Scalar	1440	13547	62059
Scalar	1456	13140	60633
Scalar	1472	12884	51552
Scalar	1488	12587	68751
Scalar	1504	12673	56778
Scalar	1520	12858	56566
Scalar	1536	12972	66572
Scalar	1552	13041	65949
Scalar	1568	13311	59593
Scalar	1584	13466	56330
Scalar	1600	13496	54399
Scalar	1616	13731	64335
Scalar	1632	13751	61543
Scalar	1648	14459	65089
Scalar	1664	14291	52151
Scalar	1680	14836	63695
Scalar	1696	15653	64187
Scalar	1712	14946	65872
Scalar	1728	14871	44315
Scalar	1744	14705	45891
Scalar	1760	15812	52312
Scalar	1776	15305	64959
Scalar	1792	15448	64629
Scalar	1808	15218	65319
Scalar	1824	16049	60545
Scalar	1840	15662	58108
Scalar	1856	16243	63680
Scalar	1872	15792	64167
Scalar	1888	15930	55522
Scalar	1904	16047	72703
Scalar	1920	16764	72335
Scalar	1936	18702	46724
Scalar	1952	16931	68645
Scalar	1968	17193	64208
Scalar	1984	16734	58424
Scalar	2000	17528	71263
Scalar	2016	17105	67015
Scalar	2032	17442	64083
Scalar	2048	18190	64898
Scalar	2064	18760	209410
Scalar	2080	17677	74145
Scalar	2096	17611	61739
Scalar	2112	18004	176158
Scalar	2128	18033	63770
Scalar	2144	18120	73132
Scalar	2160	18231	67367
Scalar	2176	18357	61023
Scalar	2192	18973	68908
Scalar	2208	19067	61792
Scalar	2224	19212	70253
Scalar	2240	19460	64951
Scalar	2256	19084	68741
Scalar	2272	19782	68374
Scalar	2288	19475	69395
Scalar	2304	19398	59821
Scalar	2320	19626	71579
Scalar	2336	20267	67013
Scalar	2352	19919	70905
Scalar	2368	19912	71136
Scalar	2384	20649	61975
Scalar	2400	20235	71508
Scalar	2416	20413	65649
Scalar	2432	20843	55944
Scalar	2448	20729	71164
Scalar	2464	20862	68705
Scalar	2480	21126	71462
Scalar	2496	21341	77785
Scalar	2512	21685	79037
Scalar	2528	21363	64703
Scalar	2544	23658	40424
Scalar	2560	21952	59423
Scalar	2576	21718	61958
Scalar	2592	21870	62270
Scalar	2608	22578	72417
Scalar	2624	22255	122367
Scalar	2640	23146	74453
Scalar	2656	22426	62962
Scalar	2672	22481	76200
Scalar	2688	22926	65108
Scalar	2704	22728	72073
Scalar	2720	23930	76907
Scalar	2736	23331	124158
Scalar	2752	23286	74646
Scalar	2768	25489	71113
Scalar	2784	23752	65647
Scalar	2800	23601	79427
Scalar	2816	23716	60712
Scalar	2832	23963	72419
Scalar	2848	24118	74568
Scalar	2864	25926	65635
Scalar	2880	24352	63589
Scalar	2896	24796	67946
Scalar	2912	24892	75163
Scalar	2928	24806	81965
Scalar	2944	24948	81631
Scalar	2960	25081	69033
Scalar	2976	25148	73443
Scalar	2992	25255	74350
Scalar	3008	25537	64456
Scalar	3024	25371	69855
Scalar	3040	27072	111046
Scalar	3056	25930	74568
Scalar	3072	26047	77719
Scalar	3088	26080	74905
Scalar	3104	26196	72326
Scalar	3120	26758	73258
Scalar	3136	26357	72334
Scalar	3152	28251	51197
Scalar	3168	27105	74152
Scalar	3184	27100	126993
Scalar	3200	27207	82468
Scalar	3216	27559	71825
Scalar	3232	27266	78534
Scalar	3248	28960	82411
Scalar	3264	29023	73453
Scalar	3280	32455	75238
Scalar	3296	27825	84959
Scalar	3312	28014	83212
Scalar	3328	31980	90471
Scalar	3344	29858	142010
Scalar	3360	29819	92382
Scalar	3376	28393	69491
Scalar	3392	28607	125801
Scalar	3408	28765	121157
Scalar	3424	28943	120970
Scalar	3440	29003	72353
Scalar	3456	29981	68058
Scalar	3472	29363	78766
Scalar	3488	29403	81687
Scalar	3504	29569	82750
Scalar	3520	29929	123044
Scalar	3536	29860	85528
Scalar	3552	29949	74840
Scalar	3568	30074	70374
Scalar	3584	30265	74814
Scalar	3600	30547	124773
Scalar	3616	30553	82906
Scalar	3632	30719	75402
Scalar	3648	31012	74997
Scalar	3664	30896	74137
Scalar	3680	31308	78760
Scalar	3696	31455	75871
Scalar	3712	31350	83082
Scalar	3728	31613	149992
Scalar	3744	32338	77715
Scalar	3760	31924	126660
Scalar	3776	32211	85314
Scalar	3792	32926	581718
Scalar	3808	32455	178761
Scalar	3824	32361	150292
Scalar	3840	32650	158083
Scalar	3856	32541	91814
Scalar	3872	32818	143737
Scalar	3888	34211	68964
Scalar	3904	33075	134056
Scalar	3920	33293	79782
Scalar	3936	33416	129084
Scalar	3952	33285	71091
Scalar	3968	38427	110749
Scalar	3984	33675	78389
Scalar	4000	33872	82923
Scalar	4016	34302	208971
Scalar	4032	38718	82911
Scalar	4048	38897	113651
Scalar	4064	34501	89226
Scalar	4080	34497	80637
Scalar	4096	34877	84213
Scalar	4112	34701	76143
Scalar	4128	34891	78824
Scalar	4144	35042	130089
Scalar	4160	35098	84220
Scalar	4176	35428	157008
Scalar	4192	35568	80675
Scalar	4208	35451	80276
Scalar	4224	35681	85874
Scalar	4240	36270	84688
Scalar	4256	36002	83769
Scalar	4272	36130	84884
Scalar	4288	36328	129281
Scalar	4304	36729	83099
Scalar	4320	36622	86782
Scalar	4336	36801	86912
Scalar	4352	37252	87221
Scalar	4368	36830	87332
Scalar	4384	37080	84688
Scalar	4400	37215	94818
Scalar	4416	40408	113707
Scalar	4432	43008	158719
Scalar	4448	37657	94422
Scalar	4464	37678	82217
Scalar	4480	37904	90229
Scalar	4496	38321	139404
Scalar	4512	38301	134840
Scalar	4528	38384	85405
Scalar	4544	38856	135914
Scalar	4560	38510	89001
Scalar	4576	43087	213028
Scalar	4592	38760	137369
Scalar	4608	38989	139212
Scalar	4624	39238	78907
Scalar	4640	39205	84503
Scalar	4656	39705	95931
Scalar	4672	39506	87566
Scalar	4688	40465	89262
Scalar	4704	44383	114065
Scalar	4720	39838	91129
Scalar	4736	44801	100946
Scalar	4752	40153	89056
Scalar	4768	40229	99735
Scalar	4784	40442	84599
Scalar	4800	40835	91399
Scalar	4816	40609	84189
Scalar	4832	40757	85343
Scalar	4848	41267	90629
Scalar	4864	41087	83448
Scalar	4880	41211	81387
Scalar	4896	41365	81386
Scalar	4912	41905	91818
Scalar	4928	41647	81700
Scalar	4944	44470	83389
Scalar	4960	42696	89478
Scalar	4976	42013	78052
Scalar	4992	42271	93463
Scalar	5008	42368	91279
Scalar	5024	42913	87202
Scalar	5040	42601	95861
Scalar	5056	46159	104780
Scalar	5072	43018	106617
Scalar	5088	43500	90533
Scalar	5104	43118	97156
Scalar	5120	43359	92635
Scalar	5136	43696	109004
Scalar	5152	44127	92053
Scalar	5168	44136	100743
Scalar	5184	43899	87838
Scalar	5200	44167	101047
Scalar	5216	44707	89631
Scalar	5232	44572	110793
Scalar	5248	44572	89411
Scalar	5264	44522	103510
Scalar	5280	45063	91568
Scalar	5296	44836	117037
Scalar	5312	44789	91765
Scalar	5328	45371	82860
Scalar	5344	45169	92945
Scalar	5360	45399	90575
Scalar	5376	45581	95654
Scalar	5392	45832	91042
Scalar	5408	45821	97035
Scalar	5424	46016	89433
Scalar	5440	46119	91523
Scalar	5456	46932	100990
Scalar	5472	46321	141116
Scalar	5488	46497	91569
Scalar	5504	46752	92975
Scalar	5520	46696	88855
Scalar	5536	46728	91432
Scalar	5552	51888	130226
Scalar	5568	47620	99647
Scalar	5584	47342	95943
Scalar	5600	47467	96685
Scalar	5616	47718	92794
Scalar	5632	48317	97108
Scalar	5648	48474	99802
Scalar	5664	48361	92518
Scalar	5680	48537	89808
Scalar	5696	48450	96959
Scalar	5712	49229	98961
Scalar	5728	48540	88052
Scalar	5744	49263	92431
Scalar	5760	48820	97166
Scalar	5776	49076	109089
Scalar	5792	49157	87901
Scalar	5808	49358	96822
Scalar	5824	49778	98291
Scalar	5840	49622	92288
Scalar	5856	50101	92210
Scalar	5872	49826	89581
Scalar	5888	49900	96541
Scalar	5904	50094	95717
Scalar	5920	51677	134537
Scalar	5936	50787	100243
Scalar	5952	55590	140967
Scalar	5968	51091	90852
Scalar	5984	51244	103605
Scalar	6000	51482	95541
Scalar	6016	51177	100152
Scalar	6032	51200	98913
Scalar	6048	51246	96575
Scalar	6064	51791	105108
Scalar	6080	52116	88746
Scalar	6096	51809	136091
Scalar	6112	51848	96851
Scalar	6128	52204	134554
Scalar	6144	52528	101505
Scalar	6160	52312	95956
Scalar	6176	52449	103171
Scalar	6192	52709	102168
Scalar	6208	52578	100108
Scalar	6224	53269	98531
Scalar	6240	53346	93122
Scalar	6256	53209	92537
Scalar	6272	53640	185253
Scalar	6288	53513	105195
Scalar	6304	53452	97823
Scalar	6320	58696	138826
Scalar	6336	55254	152889
Scalar	6352	54123	96275
Scalar	6368	59455	114887
Scalar	6384	54296	100241
Scalar	6400	54276	97523
Scalar	6416	54759	99377
Scalar	6432	54542	104248
Scalar	6448	54868	100324
Scalar	6464	55044	102699
Scalar	6480	55451	109566
Scalar	6496	55600	105268
Scalar	6512	55376	97661
Scalar	6528	55402	108734
Scalar	6544	60625	133373
Scalar	6560	55539	99215
Scalar	6576	56130	103277
Scalar	6592	55901	105777
Scalar	6608	56055	103827
Scalar	6624	56155	98652
Scalar	6640	56252	103425
Scalar	6656	56396	102244
Scalar	6672	56796	104423
Scalar	6688	57074	116774
Scalar	6704	57320	105852
Scalar	6720	57437	109762
Scalar	6736	62540	150263
Scalar	6752	57329	150757
Scalar	6768	57616	103736
Scalar	6784	58033	151421
Scalar	6800	58474	110266
Scalar	6816	57912	106363
Scalar	6832	57901	101489
Scalar	6848	59587	115190
Scalar	6864	63661	156465
Scalar	6880	59569	115179
Scalar	6896	58622	122898
Scalar	6912	58561	143119
Scalar	6928	58944	107982
Scalar	6944	58928	118670
Scalar	6960	58978	104263
Scalar	6976	64154	122396
Scalar	6992	61792	102383
Scalar	7008	60308	131022
Scalar	7024	59722	155946
Scalar	7040	64983	145350
Scalar	7056	60438	102573
Scalar	7072	64800	152818
Scalar	7088	61664	104867
Scalar	7104	66015	152949
Scalar	7120	60536	108411
Scalar	7136	60549	159016
Scalar	7152	60993	122483
Scalar	7168	60908	155120
Scalar	7184	61279	111225
Scalar	7200	65982	126763
Scalar	7216	61750	105817
Scalar	7232	61352	112443
Scalar	7248	61547	101638
Scalar	7264	61788	104113
Scalar	7280	61785	107684
Scalar	7296	67774	159714
Scalar	7312	63429	139428
Scalar	7328	62182	125002
Scalar	7344	62565	169900
Scalar	7360	63100	199879
Scalar	7376	62993	131976
Scalar	7392	63563	109301
Scalar	7408	63381	223921
Scalar	7424	65527	234787
Scalar	7440	63758	168882
Scalar	7456	65978	222602
Scalar	7472	63845	141312
Scalar	7488	64002	163375
Scalar	7504	65116	115771
Scalar	7520	64167	123322
Scalar	7536	64082	158398
Scalar	7552	64363	149067
Scalar	7568	64202	160525
Scalar	7584	64664	111174
Scalar	7600	64410	123670
Scalar	7616	65493	124295
Scalar	7632	64918	153501
Scalar	7648	64927	136805
Scalar	7664	65497	142263
Scalar	7680	65450	116272
Scalar	7696	68053	149044
Scalar	7712	65574	108544
Scalar	7728	66151	137063
Scalar	7744	65571	111471
Scalar	7760	66357	125255
Scalar	7776	66298	124360
Scalar	7792	66031	114467
Scalar	7808	73794	179768
Scalar	7824	66377	146283
Scalar	7840	66918	162163
Scalar	7856	72634	156271
Scalar	7872	67741	177932
Scalar	7888	69156	174648
Scalar	7904	67267	139960
Scalar	7920	72027	163229
Scalar	7936	67541	194611
Scalar	7952	67550	118230
Scalar	7968	67894	193131
Scalar	7984	67811	157661
Scalar	8000	69022	125590
Scalar	8016	68461	132781
Scalar	8032	68010	129400
Scalar	8048	68175	137479
Scalar	8064	71475	200242
Scalar	8080	69049	125754
Scalar	8096	68741	127144
Scalar	8112	69114	123243
Scalar	8128	70109	203005
Scalar	8144	69376	206075
Scalar	8160	69843	194890
Scalar	8176	69618	122384
Scalar	8192	69480	122606
Scalar	8208	69553	140507
Scalar	8224	69891	115857
Scalar	8240	97236	483317
Scalar	8256	74238	121881
Scalar	8272	70367	146230
Scalar	8288	71296	151106
Scalar	8304	70361	115914
Scalar	8320	70453	141960
Scalar	8336	70666	116234
Scalar	8352	70759	129423
Scalar	8368	71338	151739
Scalar	8384	71096	160311
Scalar	8400	71742	134231
Scalar	8416	71333	117251
Scalar	8432	71816	160321
Scalar	8448	72256	147709
Scalar	8464	71738	117764
Scalar	8480	71669	117567
Scalar	8496	72428	152622
Scalar	8512	72730	136332
Scalar	8528	76816	189972
Scalar	8544	72511	120133
Scalar	8560	72617	120312
Scalar	8576	72747	161895
Scalar	8592	72913	150339
Scalar	8608	72984	119416
Scalar	8624	78278	174425
Scalar	8640	73910	155549
Scalar	8656	73865	191922
Scalar	8672	73646	143832
Scalar	8688	74133	142429
Scalar	8704	73836	169734
Scalar	8720	74078	125127
Scalar	8736	74157	181486
Scalar	8752	74644	247674
Scalar	8768	79677	173866
Scalar	8784	74562	145060
Scalar	8800	74683	141069
Scalar	8816	75190	159200
Scalar	8832	74842	143125
Scalar	8848	75442	181324
Scalar	8864	75817	265735
Scalar	8880	76832	186412
Scalar	8896	76391	182606
Scalar	8912	76546	221584
Scalar	8928	78563	216935
Scalar	8944	76846	206464
Scalar	8960	76454	178221
Scalar	8976	76624	171285
Scalar	8992	77364	127528
Scalar	9008	77037	141015
Scalar	9024	82919	234543
Scalar	9040	78076	136668
Scalar	9056	82255	182921
Scalar	9072	84097	210389
Scalar	9088	79719	240882
Scalar	9104	78486	253564
Scalar	9120	79108	159184
Scalar	9136	78426	330376
Scalar	9152	77704	161839
Scalar	9168	78220	128119
Scalar	9184	78322	168798
Scalar	9200	79767	133676
Scalar	9216	78765	161673
Scalar	9232	78773	145362
Scalar	9248	79319	146591
Scalar	9264	79405	133441
Scalar	9280	79583	160249
Scalar	9296	79533	143710
Scalar	9312	80327	167747
Scalar	9328	82956	174943
Scalar	9344	80639	168213
Scalar	9360	81896	171063
Scalar	9376	84521	332774
Scalar	9392	80525	278375
Scalar	9408	80788	184641
Scalar	9424	80629	159276
Scalar	9440	80884	154184
Scalar	9456	80863	155536
Scalar	9472	80863	151605
Scalar	9488	81018	131041
Scalar	9504	81002	173412
Scalar	9520	91459	156142
Scalar	9536	86898	337354
Scalar	9552	103177	8535442
Scalar	9568	99866	652181
Scalar	9584	85177	190990
Scalar	9600	84730	163509
Scalar	9616	83415	141503
Scalar	9632	81998	152987
Scalar	9648	82784	152396
Scalar	9664	83208	158267
Scalar	9680	86044	147122
Scalar	9696	106571	198597
Scalar	9712	93244	191447
Scalar	9728	90718	193377
Scalar	9744	83400	149615
Scalar	9760	84224	148844
Scalar	9776	83558	172892
Scalar	9792	83392	168709
Scalar	9808	96088	205037
Scalar	9824	99904	203109
Scalar	9840	88096	157682
Scalar	9856	92756	198768
Scalar	9872	87391	165790
Scalar	9888	85465	148400
Scalar	9904	87274	159572
Scalar	9920	91156	179087
Scalar	9936	90948	211048
Scalar	9952	92635	180833
Scalar	9968	91673	246447
Scalar	9984	95247	181059
Scalar	10000	90060	189933
Scalar	10016	87311	229126
Scalar	10032	88684	334933
Scalar	10048	87421	233279
Scalar	10064	89141	196557
Scalar	10080	86821	163448
Scalar	10096	87854	157696
Scalar	10112	91310	166377
Scalar	10128	91209	310613
Scalar	10144	98376	261514
Scalar	10160	93715	279734
Scalar	10176	113412	442939
Scalar	10192	112818	438052
Scalar	10208	94344	172293
Scalar	10224	94623	215265
Scalar	10240	101224	189102
Scalar	10256	92390	191740
Scalar	10272	94208	175674
Scalar	10288	103241	208979
Scalar	10304	89302	172007
Scalar	10320	88630	173416
Scalar	10336	88462	179163
Scalar	10352	89185	176072
Scalar	10368	89640	197837
Scalar	10384	96778	254538
Scalar	10400	96073	167362
Scalar	10416	95607	171195
Scalar	10432	92382	308603
Scalar	10448	96362	170823
Scalar	10464	98762	136090
Scalar	10480	99382	163020
Scalar	10496	97338	178161
Scalar	10512	98940	209228
Scalar	10528	95450	165380
Scalar	10544	94612	143503
Scalar	10560	94393	154705
Scalar	10576	105004	174954
Scalar	10592	95057	198106
Scalar	10608	95136	231034
Scalar	10624	93368	168356
Scalar	10640	96144	230182
Scalar	10656	95533	227489
Scalar	10672	98857	237931
Scalar	10688	98424	172643
Scalar	10704	100047	229788
Scalar	10720	119421	258564
Scalar	10736	102070	208627
Scalar	10752	100096	199424
Scalar	10768	97433	201014
Scalar	10784	96154	185651
Scalar	10800	94405	193728
Scalar	10816	94277	178226
Scalar	10832	113503	379294
Scalar	10848	100739	211833
Scalar	10864	97414	180117
Scalar	10880	115935	220151
Scalar	10896	100487	170008
Scalar	10912	99816	147651
Scalar	10928	93470	166077
Scalar	10944	95158	164540
Scalar	10960	96171	164495
Scalar	10976	104410	1227428
Scalar	10992	105334	176153
Scalar	11008	105181	265918
Scalar	11024	105076	218223
Scalar	11040	115276	259509
Scalar	11056	104558	255017
Scalar	11072	103830	181850
Scalar	11088	121046	249834
Scalar	11104	103435	272073
Scalar	11120	114292	599242
Scalar	11136	132545	275591
Scalar	11152	95218	167392
Scalar	11168	94777	159771
Scalar	11184	99634	295724
Scalar	11200	109161	193157
Scalar	11216	107817	249796
Scalar	11232	98884	175373
Scalar	11248	98976	254227
Scalar	11264	98663	237429
Scalar	11280	96588	162688
Scalar	11296	96237	167419
Scalar	11312	96408	167927
Scalar	11328	96974	170702
Scalar	11344	96392	164837
Scalar	11360	96869	185902
Scalar	11376	96721	191656
Scalar	11392	98217	177103
Scalar	11408	97526	172056
Scalar	11424	98067	166474
Scalar	11440	102984	195500
Scalar	11456	98238	165357
Scalar	11472	101629	565477
Scalar	11488	101649	225108
Scalar	11504	109380	273534
Scalar	11520	103796	215123
Scalar	11536	104674	276533
Scalar	11552	106018	210311
Scalar	11568	104389	210415
Scalar	11584	105021	285637
Scalar	11600	107102	289068
Scalar	11616	107596	276770
Scalar	11632	103222	220526
Scalar	11648	105772	227610
Scalar	11664	106737	201629
Scalar	11680	108216	346225
Scalar	11696	106673	384134
Scalar	11712	105723	281926
Scalar	11728	100557	204595
Scalar	11744	105777	197565
Scalar	11760	100406	264703
Scalar	11776	102911	244732
Scalar	11792	114851	239165
Scalar	11808	106545	175433
Scalar	11824	104873	187340
Scalar	11840	101539	173778
Scalar	11856	101466	188546
Scalar	11872	105939	182656
Scalar	11888	108937	183150
Scalar	11904	110366	196379
Scalar	11920	111234	173721
Scalar	11936	110188	217011
Scalar	11952	111261	191626
Scalar	11968	106117	192355
Scalar	11984	103099	187980
Scalar	12000	102145	184066
Scalar	12016	103597	179528
Scalar	12032	105549	226712
Scalar	12048	112244	186154
Scalar	12064	105816	265732
Scalar	12080	105497	194298
Scalar	12096	112788	266147
Scalar	12112	107638	209309
Scalar	12128	107507	184978
Scalar	12144	110784	202020
Scalar	12160	105156	180876
Scalar	12176	103769	180165
Scalar	12192	107254	217611
Scalar	12208	107117	225185
Scalar	12224	106330	226176
Scalar	12240	104971	189556
Scalar	12256	104368	173973
Scalar	12272	104253	176040
Scalar	12288	104285	176119
Scalar	12304	105315	168156
Scalar	12320	105108	175903
Scalar	12336	108265	201269
Scalar	12352	110313	217172
Scalar	12368	108047	300277
Scalar	12384	114582	295066
Scalar	12400	115931	235742
Scalar	12416	125626	291720
Scalar	12432	118278	316671
Scalar	12448	118779	352413
Scalar	12464	121676	1383983
Scalar	12480	113415	242181
Scalar	12496	114306	231063
Scalar	12512	107191	193910
Scalar	12528	108480	179267
Scalar	12544	108248	195199
Scalar	12560	114183	341891
Scalar	12576	111676	191586
Scalar	12592	112618	216522
Scalar	12608	113085	184580
Scalar	12624	115515	300307
Scalar	12640	115594	418733
Scalar	12656	114845	252683
Scalar	12672	112299	225936
Scalar	12688	115388	232044
Scalar	12704	112985	265575
Scalar	12720	116070	253861
Scalar	12736	111063	228874
Scalar	12752	111930	272519
Scalar	12768	110543	238689
Scalar	12784	111598	205443
Scalar	12800	108734	164058
Scalar	12816	109076	197567
Scalar	12832	109245	180865
Scalar	12848	111722	206622
Scalar	12864	112148	252922
Scalar	12880	113273	248373
Scalar	12896	114154	254586
Scalar	12912	124677	337067
Scalar	12928	121636	331491
Scalar	12944	121351	340210
Scalar	12960	120842	305026
Scalar	12976	117961	377887
Scalar	12992	118244	279209
Scalar	13008	118366	293125
Scalar	13024	111716	216526
Scalar	13040	116950	187226
Scalar	13056	113898	199197
Scalar	13072	111269	177865
Scalar	13088	116315	221915
Scalar	13104	118973	422211
Scalar	13120	123425	3106226
Scalar	13136	118857	207717
Scalar	13152	111900	182998
Scalar	13168	111999	184068
Scalar	13184	111791	177846
Scalar	13200	112732	183474
Scalar	13216	112585	252649
Scalar	13232	112195	183709
Scalar	13248	113195	227737
Scalar	13264	117808	222288
Scalar	13280	113356	184517
Scalar	13296	113893	182898
Scalar	13312	117806	240698
Scalar	13328	112871	184559
Scalar	13344	112952	198007
Scalar	13360	113601	198079
Scalar	13376	113625	247689
Scalar	13392	118424	287248
Scalar	13408	114199	195072
Scalar	13424	114039	228047
Scalar	13440	114676	196316
Scalar	13456	114236	244719
Scalar	13472	116784	234381
Scalar	13488	120253	229039
Scalar	13504	119198	222738
Scalar	13520	114778	182675
Scalar	13536	119832	236791
Scalar	13552	114948	228379
Scalar	13568	116055	184844
Scalar	13584	115397	185854
Scalar	13600	116921	274560
Scalar	13616	115955	276892
Scalar	13632	115640	199012
Scalar	13648	115827	215402
Scalar	13664	115922	214674
Scalar	13680	116056	191434
Scalar	13696	117317	230805
Scalar	13712	116167	193140
Scalar	13728	116541	260719
Scalar	13744	121212	240651
Scalar	13760	125469	240269
Scalar	13776	116983	192953
Scalar	13792	121339	249369
Scalar	13808	117136	249537
Scalar	13824	118188	253038
Scalar	13840	117636	188820
Scalar	13856	117770	187298
Scalar	13872	122734	236407
Scalar	13888	117761	214451
Scalar	13904	117869	187542
Scalar	13920	118940	201433
Scalar	13936	118365	201807
Scalar	13952	118520	186089
Scalar	13968	123648	245103
Scalar	13984	124467	221320
Scalar	14000	123747	229910
Scalar	14016	124311	240403
Scalar	14032	124014	229869
Scalar	14048	128028	238118
Scalar	14064	124821	232107
Scalar	14080	124799	242790
Scalar	14096	124176	225593
Scalar	14112	121430	216332
Scalar	14128	120449	187254
Scalar	14144	120277	191208
Scalar	14160	125450	248992
Scalar	14176	120337	186561
Scalar	14192	121420	195302
Scalar	14208	120579	212003
Scalar	14224	125813	236975
Scalar	14240	121152	227294
Scalar	14256	121104	189507
Scalar	14272	121093	186434
Scalar	14288	121241	189976
Scalar	14304	121270	185242
Scalar	14320	122941	220891
Scalar	14336	121734	208871
Scalar	14352	121990	190736
Scalar	14368	127101	238674
Scalar	14384	122240	189619
Scalar	14400	122119	197301
Scalar	14416	123209	205288
Scalar	14432	122715	200067
Scalar	14448	122288	191069
Scalar	14464	123038	209244
Scalar	14480	123219	189625
Scalar	14496	127418	232892
Scalar	14512	127585	195820
Scalar	14528	126991	210692
Scalar	14544	123465	203061
Scalar	14560	123651	216947
Scalar	14576	123853	194091
Scalar	14592	128310	263809
Scalar	14608	123731	191493
Scalar	14624	137966	591540
Scalar	14640	126090	256119
Scalar	14656	124091	200345
Scalar	14672	129530	252922
Scalar	14688	125528	235326
Scalar	14704	124442	218885
Scalar	14720	127395	224720
Scalar	14736	125999	219666
Scalar	14752	125598	239700
Scalar	14768	126508	218510
Scalar	14784	125739	220881
Scalar	14800	125735	195473
Scalar	14816	130569	248476
Scalar	14832	126385	193107
Scalar	14848	125592	207724
Scalar	14864	126653	215425
Scalar	14880	131651	241866
Scalar	14896	126221	212775
Scalar	14912	126494	197023
Scalar	14928	131578	224754
Scalar	14944	126801	195535
Scalar	14960	126708	230752
Scalar	14976	127473	211521
Scalar	14992	127901	221009
Scalar	15008	127849	221306
Scalar	15024	127632	222076
Scalar	15040	127984	236536
Scalar	15056	128850	243685
Scalar	15072	131403	203239
Scalar	15088	136100	255513
Scalar	15104	140116	222430
Scalar	15120	137640	248579
Scalar	15136	141103	949835
Scalar	15152	139138	325012
Scalar	15168	145799	881114
Scalar	15184	150223	251764
Scalar	15200	139977	377003
Scalar	15216	139354	269663
Scalar	15232	136333	322210
Scalar	15248	140767	248739
Scalar	15264	144609	303409
Scalar	15280	137050	291463
Scalar	15296	130375	203965
Scalar	15312	129868	187949
Scalar	15328	130118	203471
Scalar	15344	133866	248422
Scalar	15360	145762	266324
Scalar	15376	144620	277327
Scalar	15392	140018	243698
Scalar	15408	134306	241753
Scalar	15424	130400	210149
Scalar	15440	131191	200553
Scalar	15456	131445	247241
Scalar	15472	142319	313257
Scalar	15488	144124	253908
Scalar	15504	135151	265173
Scalar	15520	132629	269761
Scalar	15536	131869	215096
Scalar	15552	134448	234661
Scalar	15568	138862	258270
Scalar	15584	144918	484620
Scalar	15600	146324	387709
Scalar	15616	137034	262322
Scalar	15632	132598	277306
Scalar	15648	132422	204313
Scalar	15664	134678	249668
Scalar	15680	133576	231641
Scalar	15696	134159	246415
Scalar	15712	134038	289221
Scalar	15728	133040	206199
Scalar	15744	136583	502841
Scalar	15760	134019	209114
Scalar	15776	134247	244334
Scalar	15792	134196	221095
Scalar	15808	134359	250790
Scalar	15824	134208	228812
Scalar	15840	136053	253376
Scalar	15856	134939	233652
Scalar	15872	137552	738903
Scalar	15888	144790	311145
Scalar	15904	150550	456846
Scalar	15920	180410	587721
Scalar	15936	148367	330827
Scalar	15952	147163	336466
Scalar	15968	141724	275545
Scalar	15984	139587	256388
Scalar	16000	141898	848393
SSE4	16	26	147
SSE4	32	51	223
SSE4	48	66	184
SSE4	64	199	496
SSE4	80	132	364
SSE4	96	176	628
SSE4	112	254	25153
SSE4	128	192	424
SSE4	144	299	545
SSE4	160	343	594
SSE4	176	371	634
SSE4	192	622	1144
SSE4	208	443	948
SSE4	224	489	843
SSE4	240	477	704
SSE4	256	507	885
SSE4	272	629	67953
SSE4	288	564	981
SSE4	304	410	538
SSE4	320	483	679
SSE4	336	524	1442
SSE4	352	554	36562
SSE4	368	539	849
SSE4	384	661	80083
SSE4	400	584	696
SSE4	416	610	1150
SSE4	432	629	762
SSE4	448	676	22218
SSE4	464	693	22834
SSE4	480	800	71907
SSE4	496	708	892
SSE4	512	739	1043
SSE4	528	933	1866
SSE4	544	774	985
SSE4	560	769	921
SSE4	576	734	906
SSE4	592	761	1010
SSE4	608	781	915
SSE4	624	801	924
SSE4	640	826	954
SSE4	656	838	974
SSE4	672	919	1010
SSE4	688	962	53981
SSE4	704	895	984
SSE4	720	916	1060
SSE4	736	932	1123
SSE4	752	1204	27842
SSE4	768	1434	7945
SSE4	784	1085	27755
SSE4	800	1094	33177
SSE4	816	1491	164864
SSE4	832	1370	1705
SSE4	848	1068	1317
SSE4	864	1191	44000
SSE4	880	1106	1251
SSE4	896	1124	1289
SSE4	912	1283	107995
SSE4	928	1284	24772
SSE4	944	1247	26614
SSE4	960	1208	1465
SSE4	976	1979	82267
SSE4	992	1359	22647
SSE4	1008	1259	1652
SSE4	1024	1376	1575
SSE4	1040	1305	1587
SSE4	1056	1324	1652
SSE4	1072	1342	1646
SSE4	1088	1358	1637
SSE4	1104	1401	26735
SSE4	1120	1469	28857
SSE4	1136	1445	25924
SSE4	1152	1527	33185
SSE4	1168	1457	1584
SSE4	1184	1468	1611
SSE4	1200	1488	1641
SSE4	1216	1518	1652
SSE4	1232	1527	1679
SSE4	1248	1548	1646
SSE4	1264	1873	4157
SSE4	1280	1641	26693
SSE4	1296	2718	28873
SSE4	1312	1630	1759
SSE4	1328	1794	23483
SSE4	1344	1739	27040
SSE4	1360	1869	2169
SSE4	1376	2281	33197
SSE4	1392	2012	22883
SSE4	1408	2006	156419
SSE4	1424	1822	26951
SSE4	1440	2004	28752
SSE4	1456	2128	2437
SSE4	1472	1821	2011
SSE4	1488	1916	3842
SSE4	1504	1861	2074
SSE4	1520	2229	2380
SSE4	1536	1981	28761
SSE4	1552	2041	27354
SSE4	1568	1938	2318
SSE4	1584	2128	167391
SSE4	1600	1981	2134
SSE4	1616	2075	46655
SSE4	1632	2020	2166
SSE4	1648	2176	44301
SSE4	1664	2372	2620
SSE4	1680	2186	103958
SSE4	1696	2093	2437
SSE4	1712	2120	2383
SSE4	1728	2127	2442
SSE4	1744	2145	2306
SSE4	1760	2173	2469
SSE4	1776	2192	2585
SSE4	1792	2229	3337
SSE4	1808	2529	2663
SSE4	1824	2328	29092
SSE4	1840	2265	2713
SSE4	1856	2286	2612
SSE4	1872	2304	2493
SSE4	1888	2320	2636
SSE4	1904	2351	2487
SSE4	1920	2359	2668
SSE4	1936	2422	25061
SSE4	1952	2483	28708
SSE4	1968	2503	50668
SSE4	1984	2776	3182
SSE4	2000	2544	47933
SSE4	2016	2477	2782
SSE4	2032	2623	95048
SSE4	2048	2870	3188
SSE4	2064	2938	29750
SSE4	2080	2561	2837
SSE4	2096	2670	29825
SSE4	2112	2594	2749
SSE4	2128	2602	2915
SSE4	2144	2715	45490
SSE4	2160	2646	2889
SSE4	2176	2766	53249
SSE4	2192	2848	30119
SSE4	2208	2711	2924
SSE4	2224	2750	3066
SSE4	2240	2751	2983
SSE4	2256	2861	51666
SSE4	2272	2799	3230
SSE4	2288	3110	3475
SSE4	2304	3569	58172
SSE4	2320	2907	29968
SSE4	2336	2945	47365
SSE4	2352	2890	3129
SSE4	2368	2908	3260
SSE4	2384	3008	54254
SSE4	2400	2999	29793
SSE4	2416	3255	43657
SSE4	2432	2987	3117
SSE4	2448	3105	31528
SSE4	2464	3081	51968
SSE4	2480	3372	29971
SSE4	2496	3121	24453
SSE4	2512	3767	92390
SSE4	2528	3103	3468
SSE4	2544	3447	3798
SSE4	2560	3221	55019
SSE4	2576	3283	24889
SSE4	2592	3170	3587
SSE4	2608	3360	51362
SSE4	2624	3673	29627
SSE4	2640	3289	6416
SSE4	2656	3357	47537
SSE4	2672	3656	29633
SSE4	2688	3282	3637
SSE4	2704	3396	51393
SSE4	2720	3683	25813
SSE4	2736	3354	6124
SSE4	2752	3476	50554
SSE4	2768	3392	6070
SSE4	2784	3408	6180
SSE4	2800	3612	32786
SSE4	2816	3976	31696
SSE4	2832	3738	30621
SSE4	2848	3594	30180
SSE4	2864	3740	42827
SSE4	2880	3936	75790
SSE4	2896	3541	6365
SSE4	2912	3674	31683
SSE4	2928	3690	67990
SSE4	2944	3600	7446
SSE4	2960	3700	32324
SSE4	2976	4073	40291
SSE4	2992	4109	44073
SSE4	3008	3701	6481
SSE4	3024	3773	30772
SSE4	3040	3817	49215
SSE4	3056	3850	70972
SSE4	3072	4017	4424
SSE4	3088	3859	31101
SSE4	3104	3892	77610
SSE4	3120	3815	4451
SSE4	3136	4327	30004
SSE4	3152	3861	4178
SSE4	3168	3976	42327
SSE4	3184	4056	57413
SSE4	3200	3908	4386
SSE4	3216	3927	4469
SSE4	3232	3985	29180
SSE4	3248	4042	42865
SSE4	3264	4067	30633
SSE4	3280	4009	4457
SSE4	3296	4019	4365
SSE4	3312	4227	82600
SSE4	3328	4154	49910
SSE4	3344	4415	31561
SSE4	3360	4684	31267
SSE4	3376	4137	4469
SSE4	3392	4234	59049
SSE4	3408	4256	51003
SSE4	3424	4450	45717
SSE4	3440	4216	7455
SSE4	3456	4247	25826
SSE4	3472	4240	7533
SSE4	3488	4482	140005
SSE4	3504	4720	31553
SSE4	3520	4389	62398
SSE4	3536	5253	48837
SSE4	3552	4333	7185
SSE4	3568	5145	33064
SSE4	3584	4401	7336
SSE4	3600	4489	31321
SSE4	3616	4544	86363
SSE4	3632	4524	55591
SSE4	3648	5177	83423
SSE4	3664	4814	7740
SSE4	3680	4906	31538
SSE4	3696	5030	31697
SSE4	3712	4544	7286
SSE4	3728	4717	147618
SSE4	3744	5461	28086
SSE4	3760	4896	26204
SSE4	3776	4930	52683
SSE4	3792	4728	54149
SSE4	3808	4876	49021
SSE4	3824	4848	53657
SSE4	3840	5104	33615
SSE4	3856	5033	77255
SSE4	3872	4744	7455
SSE4	3888	4765	7681
SSE4	3904	4774	7854
SSE4	3920	4782	7651
SSE4	3936	4985	30746
SSE4	3952	5029	138837
SSE4	3968	5004	47271
SSE4	3984	4968	60427
SSE4	4000	5069	101106
SSE4	4016	5055	65085
SSE4	4032	5588	47675
SSE4	4048	5385	84237
SSE4	4064	5038	47155
SSE4	4080	5058	61907
SSE4	4096	5903	58097
SSE4	4112	5310	45514
SSE4	4128	5116	49258
SSE4	4144	5447	52081
SSE4	4160	5097	7904
SSE4	4176	5515	32538
SSE4	4192	5422	8222
SSE4	4208	5151	7916
SSE4	4224	5157	8098
SSE4	4240	5866	27566
SSE4	4256	5206	8074
SSE4	4272	5545	8546
SSE4	4288	5241	8264
SSE4	4304	5260	8581
SSE4	4320	5340	32593
SSE4	4336	5353	31653
SSE4	4352	5348	24149
SSE4	4368	5335	8210
SSE4	4384	5697	8766
SSE4	4400	5392	8237
SSE4	4416	5394	8320
SSE4	4432	5563	126558
SSE4	4448	5454	8691
SSE4	4464	5551	32377
SSE4	4480	5480	8165
SSE4	4496	5494	8279
SSE4	4512	5509	8561
SSE4	4528	5612	32508
SSE4	4544	5560	8406
SSE4	4560	5895	8823
SSE4	4576	5591	8388
SSE4	4592	5683	32193
SSE4	4608	5613	8391
SSE4	4624	5655	8650
SSE4	4640	6087	33489
SSE4	4656	5684	8581
SSE4	4672	6770	35380
SSE4	4688	5810	56669
SSE4	4704	5829	63666
SSE4	4720	5850	55669
SSE4	4736	5994	136080
SSE4	4752	6365	47268
SSE4	4768	5906	54892
SSE4	4784	5933	60123
SSE4	4800	6269	33019
SSE4	4816	6336	36628
SSE4	4832	8945	78808
SSE4	4848	6036	55434
SSE4	4864	6467	53259
SSE4	4880	5966	11892
SSE4	4896	7017	12988
SSE4	4912	6122	74263
SSE4	4928	6092	46739
SSE4	4944	6137	61437
SSE4	4960	6161	53788
SSE4	4976	6491	55586
SSE4	4992	6194	50052
SSE4	5008	9842	59914
SSE4	5024	6249	53349
SSE4	5040	6941	39372
SSE4	5056	6184	11297
SSE4	5072	6531	11577
SSE4	5088	6923	33456
SSE4	5104	6331	46524
SSE4	5120	6928	30521
SSE4	5136	6388	56285
SSE4	5152	6655	9669
SSE4	5168	6668	9945
SSE4	5184	6829	68483
SSE4	5200	6445	55143
SSE4	5216	6573	122957
SSE4	5232	6628	52895
SSE4	5248	6428	9722
SSE4	5264	6437	9298
SSE4	5280	6514	11517
SSE4	5296	6588	55910
SSE4	5312	6581	68502
SSE4	5328	6594	51722
SSE4	5344	6675	61074
SSE4	5360	6555	9360
SSE4	5376	6575	9372
SSE4	5392	7006	64606
SSE4	5408	6725	53062
SSE4	5424	6717	60430
SSE4	5440	6748	33956
SSE4	5456	6685	11642
SSE4	5472	6783	58018
SSE4	5488	7141	62276
SSE4	5504	6837	52315
SSE4	5520	6917	65378
SSE4	5536	6814	11978
SSE4	5552	7307	54411
SSE4	5568	6928	52722
SSE4	5584	6959	54383
SSE4	5600	6891	12432
SSE4	5616	7000	59924
SSE4	5632	7165	53869
SSE4	5648	7051	58676
SSE4	5664	7035	34291
SSE4	5680	7086	49957
SSE4	5696	7214	51744
SSE4	5712	7157	55481
SSE4	5728	7073	13128
SSE4	5744	7284	120542
SSE4	5760	7632	47103
SSE4	5776	7231	75154
SSE4	5792	7183	12239
SSE4	5808	7252	53528
SSE4	5824	7299	58532
SSE4	5840	7932	31458
SSE4	5856	7378	58695
SSE4	5872	7391	80863
SSE4	5888	7397	66170
SSE4	5904	7639	12646
SSE4	5920	7429	49848
SSE4	5936	7565	57786
SSE4	5952	7740	15508
SSE4	5968	7597	120307
SSE4	5984	7710	55210
SSE4	6000	7583	69305
SSE4	6016	7498	14343
SSE4	6032	7591	49624
SSE4	6048	7641	63918
SSE4	6064	7577	14605
SSE4	6080	7685	47263
SSE4	6096	8049	64331
SSE4	6112	7709	14741
SSE4	6128	7775	50437
SSE4	6144	8748	56382
SSE4	6160	7860	15021
SSE4	6176	8365	114507
SSE4	6192	7802	65709
SSE4	6208	7817	53565
SSE4	6224	7836	51975
SSE4	6240	7900	54305
SSE4	6256	7905	51977
SSE4	6272	7924	51429
SSE4	6288	8176	15650
SSE4	6304	7980	60081
SSE4	6320	8303	50485
SSE4	6336	8808	25832
SSE4	6352	8064	63403
SSE4	6368	8074	52787
SSE4	6384	8468	46918
SSE4	6400	8365	15591
SSE4	6416	8127	65528
SSE4	6432	8360	38914
SSE4	6448	8472	55932
SSE4	6464	8255	29845
SSE4	6480	8432	139660
SSE4	6496	8244	56579
SSE4	6512	8274	52016
SSE4	6528	8416	147862
SSE4	6544	8275	51674
SSE4	6560	8403	50740
SSE4	6576	8309	35738
SSE4	6592	8965	56813
SSE4	6608	8265	15315
SSE4	6624	9076	58895
SSE4	6640	8394	46936
SSE4	6656	8653	19962
SSE4	6672	8614	59572
SSE4	6688	8746	39309
SSE4	6704	9585	39098
SSE4	6720	8485	36666
SSE4	6736	10146	68133
SSE4	6752	8759	151236
SSE4	6768	8691	76596
SSE4	6784	10964	89245
SSE4	6800	8649	46509
SSE4	6816	9032	81443
SSE4	6832	9744	253601
SSE4	6848	8735	52702
SSE4	6864	12240	151415
SSE4	6880	9291	191740
SSE4	6896	12797	49599
SSE4	6912	8743	55675
SSE4	6928	9265	58456
SSE4	6944	9912	79423
SSE4	6960	9116	42822
SSE4	6976	11408	68576
SSE4	6992	10076	95859
SSE4	7008	11887	81924
SSE4	7024	9350	199069
SSE4	7040	9836	55021
SSE4	7056	9533	199723
SSE4	7072	9153	40078
SSE4	7088	12833	55955
SSE4	7104	9615	65741
SSE4	7120	13029	59268
SSE4	7136	9243	73369
SSE4	7152	9019	57031
SSE4	7168	10631	59138
SSE4	7184	9191	50168
SSE4	7200	12121	118969
SSE4	7216	9256	94608
SSE4	7232	9614	64300
SSE4	7248	15851	243981
SSE4	7264	9993	58356
SSE4	7280	9430	166884
SSE4	7296	9206	58005
SSE4	7312	10559	288116
SSE4	7328	9467	51604
SSE4	7344	11592	100398
SSE4	7360	9784	60356
SSE4	7376	11415	49969
SSE4	7392	9565	58085
SSE4	7408	9543	37823
SSE4	7424	10628	94506
SSE4	7440	9588	95198
SSE4	7456	11008	153710
SSE4	7472	10279	60011
SSE4	7488	10755	98156
SSE4	7504	9453	50614
SSE4	7520	10092	113006
SSE4	7536	9498	56914
SSE4	7552	9963	49517
SSE4	7568	9609	55429
SSE4	7584	9574	56070
SSE4	7600	9604	37169
SSE4	7616	9925	54942
SSE4	7632	9933	48675
SSE4	7648	9707	42793
SSE4	7664	9846	86751
SSE4	7680	9875	57445
SSE4	7696	17086	110823
SSE4	7712	11700	214797
SSE4	7728	10072	59023
SSE4	7744	10142	55711
SSE4	7760	10828	44642
SSE4	7776	16354	86738
SSE4	7792	10555	62453
SSE4	7808	10290	37168
SSE4	7824	9863	62598
SSE4	7840	10216	52107
SSE4	7856	11566	673748
SSE4	7872	10384	60816
SSE4	7888	11018	37778
SSE4	7904	11348	127212
SSE4	7920	13112	248875
SSE4	7936	12504	436317
SSE4	7952	13399	104477
SSE4	7968	10815	45032
SSE4	7984	10820	206690
SSE4	8000	10511	36946
SSE4	8016	12180	183622
SSE4	8032	13625	66319
SSE4	8048	10924	78538
SSE4	8064	10187	46645
SSE4	8080	11213	106464
SSE4	8096	10722	50026
SSE4	8112	10827	112371
SSE4	8128	15085	241619
SSE4	8144	10714	85372
SSE4	8160	10647	181741
SSE4	8176	10957	107999
SSE4	8192	12160	75720
SSE4	8208	12139	100822
SSE4	8224	10928	74224
SSE4	8240	13820	184986
SSE4	8256	10738	86536
SSE4	8272	11501	183473
SSE4	8288	10776	76662
SSE4	8304	10633	59418
SSE4	8320	10549	55135
SSE4	8336	10518	61220
SSE4	8352	10659	144566
SSE4	8368	10529	59336
SSE4	8384	10690	56974
SSE4	8400	10570	57166
SSE4	8416	10590	58763
SSE4	8432	10727	134624
SSE4	8448	10636	52738
SSE4	8464	10777	44335
SSE4	8480	10689	65965
SSE4	8496	11142	55729
SSE4	8512	10735	34542
SSE4	8528	10799	51633
SSE4	8544	10925	54403
SSE4	8560	10903	73646
SSE4	8576	10804	60401
SSE4	8592	10813	70117
SSE4	8608	11340	64940
SSE4	8624	11317	148462
SSE4	8640	11056	56261
SSE4	8656	11210	58079
SSE4	8672	11215	63830
SSE4	8688	10927	62346
SSE4	8704	10959	60332
SSE4	8720	11023	52012
SSE4	8736	11003	37771
SSE4	8752	11524	64981
SSE4	8768	11028	54374
SSE4	8784	11291	60232
SSE4	8800	11951	64395
SSE4	8816	11401	43042
SSE4	8832	11197	62956
SSE4	8848	12317	54308
SSE4	8864	11149	65427
SSE4	8880	11409	62489
SSE4	8896	11185	49357
SSE4	8912	11211	51444
SSE4	8928	12004	59404
SSE4	8944	11771	47922
SSE4	8960	11585	56333
SSE4	8976	14093	45725
SSE4	8992	11485	159369
SSE4	9008	11332	57500
SSE4	9024	12095	57232
SSE4	9040	11353	50408
SSE4	9056	11621	44414
SSE4	9072	11398	57289
SSE4	9088	13574	52250
SSE4	9104	11454	58291
SSE4	9120	12011	66174
SSE4	9136	13309	41037
SSE4	9152	11677	63798
SSE4	9168	11617	61145
SSE4	9184	12059	52152
SSE4	9200	11623	49440
SSE4	9216	12616	55520
SSE4	9232	11668	50365
SSE4	9248	12434	60168
SSE4	9264	11927	51529
SSE4	9280	11723	50602
SSE4	9296	11748	55100
SSE4	9312	11821	134611
SSE4	9328	12043	56275
SSE4	9344	11873	132006
SSE4	9360	12005	74155
SSE4	9376	12226	128131
SSE4	9392	12659	69920
SSE4	9408	11863	59092
SSE4	9424	12131	55373
SSE4	9440	11866	54633
SSE4	9456	12421	54416
SSE4	9472	11895	60177
SSE4	9488	12202	59748
SSE4	9504	11948	61779
SSE4	9520	12205	66738
SSE4	9536	12069	71883
SSE4	9552	12625	62339
SSE4	9568	12383	59106
SSE4	9584	12461	59189
SSE4	9600	12235	63053
SSE4	9616	12736	65828
SSE4	9632	12244	61395
SSE4	9648	12581	60209
SSE4	9664	12235	59057
SSE4	9680	12331	59347
SSE4	9696	12327	59583
SSE4	9712	12690	54311
SSE4	9728	12541	157839
SSE4	9744	12408	41461
SSE4	9760	12436	135631
SSE4	9776	12491	47848
SSE4	9792	12713	141945
SSE4	9808	13930	45123
SSE4	9824	13572	194613
SSE4	9840	13167	144074
SSE4	9856	14318	185539
SSE4	9872	13540	60843
SSE4	9888	12629	59086
SSE4	9904	13279	58471
SSE4	9920	13687	44187
SSE4	9936	12937	62288
SSE4	9952	14219	95438
SSE4	9968	12576	56749
SSE4	9984	13131	57032
SSE4	10000	12584	57940
SSE4	10016	12778	90799
SSE4	10032	13283	64437
SSE4	10048	12971	57844
SSE4	10064	13078	51370
SSE4	10080	13237	48614
SSE4	10096	13809	58638
SSE4	10112	13199	67423
SSE4	10128	12896	70062
SSE4	10144	13098	70790
SSE4	10160	12777	61047
SSE4	10176	13440	64607
SSE4	10192	14867	105066
SSE4	10208	12963	64780
SSE4	10224	13067	57559
SSE4	10240	17231	51636
SSE4	10256	13626	61732
SSE4	10272	13566	54458
SSE4	10288	13330	57198
SSE4	10304	13692	54209
SSE4	10320	13743	63664
SSE4	10336	13058	57906
SSE4	10352	13190	61906
SSE4	10368	13087	56337
SSE4	10384	13561	63220
SSE4	10400	13543	67596
SSE4	10416	13401	54788
SSE4	10432	16364	89360
SSE4	10448	13189	61275
SSE4	10464	13366	55052
SSE4	10480	13833	60153
SSE4	10496	15382	77577
SSE4	10512	13197	60324
SSE4	10528	13361	58776
SSE4	10544	13762	60334
SSE4	10560	13386	61383
SSE4	10576	13402	47606
SSE4	10592	13998	55226
SSE4	10608	13346	54929
SSE4	10624	13723	62733
SSE4	10640	18890	82259
SSE4	10656	13478	55371
SSE4	10672	14085	47962
SSE4	10688	13965	59268
SSE4	10704	13752	59055
SSE4	10720	13871	61847
SSE4	10736	13612	42374
SSE4	10752	14011	57898
SSE4	10768	14045	60550
SSE4	10784	13967	55212
SSE4	10800	13675	49510
SSE4	10816	13996	54319
SSE4	10832	13732	52544
SSE4	10848	13643	53470
SSE4	10864	13862	55099
SSE4	10880	14189	51506
SSE4	10896	13721	53689
SSE4	10912	13846	62235
SSE4	10928	14985	48749
SSE4	10944	14691	112906
SSE4	10960	13988	60674
SSE4	10976	14389	107143
SSE4	10992	14187	65142
SSE4	11008	14550	187075
SSE4	11024	16270	43847
SSE4	11040	14355	65631
SSE4	11056	15016	69850
SSE4	11072	13926	55463
SSE4	11088	14216	63668
SSE4	11104	14650	68764
SSE4	11120	14292	60633
SSE4	11136	14404	68401
SSE4	11152	14538	165012
SSE4	11168	14541	65312
SSE4	11184	14520	148033
SSE4	11200	14984	55054
SSE4	11216	14066	58418
SSE4	11232	14450	62108
SSE4	11248	14274	63189
SSE4	11264	15727	65726
SSE4	11280	14415	55652
SSE4	11296	15349	152630
SSE4	11312	14582	54007
SSE4	11328	17007	94870
SSE4	11344	14691	60308
SSE4	11360	14354	60580
SSE4	11376	14314	59335
SSE4	11392	14418	53586
SSE4	11408	15018	54118
SSE4	11424	15402	59401
SSE4	11440	14528	143817
SSE4	11456	14398	57426
SSE4	11472	14963	143778
SSE4	11488	14670	58659
SSE4	11504	15411	67378
SSE4	11520	14836	161342
SSE4	11536	15051	58760
SSE4	11552	15155	142718
SSE4	11568	14712	46672
SSE4	11584	14960	154217
SSE4	11600	14837	61579
SSE4	11616	14913	61623
SSE4	11632	15818	77876
SSE4	11648	14816	74994
SSE4	11664	16938	98555
SSE4	11680	14883	64942
SSE4	11696	14754	51385
SSE4	11712	16373	128975
SSE4	11728	15039	73841
SSE4	11744	15438	182038
SSE4	11760	15268	84091
SSE4	11776	15203	61732
SSE4	11792	15121	69582
SSE4	11808	14829	50619
SSE4	11824	15242	60073
SSE4	11840	26365	123552
SSE4	11856	15475	66439
SSE4	11872	14910	64372
SSE4	11888	16286	99857
SSE4	11904	15255	66553
SSE4	11920	14961	58331
SSE4	11936	15096	45244
SSE4	11952	15734	61678
SSE4	11968	15011	63764
SSE4	11984	15703	64315
SSE4	12000	15095	61935
SSE4	12016	15992	55546
SSE4	12032	15636	62061
SSE4	12048	18938	56804
SSE4	12064	20147	51121
SSE4	12080	16552	64761
SSE4	12096	15577	61729
SSE4	12112	16321	63509
SSE4	12128	15206	54919
SSE4	12144	15516	62300
SSE4	12160	15527	61695
SSE4	12176	15727	62632
SSE4	12192	15603	64873
SSE4	12208	16121	75979
SSE4	12224	17282	39391
SSE4	12240	17134	59360
SSE4	12256	15533	76368
SSE4	12272	15448	55945
SSE4	12288	20380	270646
SSE4	12304	16715	61547
SSE4	12320	16265	118596
SSE4	12336	16636	240812
SSE4	12352	16470	165960
SSE4	12368	17480	100794
SSE4	12384	16374	57861
SSE4	12400	16727	201715
SSE4	12416	16090	75589
SSE4	12432	16480	170189
SSE4	12448	16486	67487
SSE4	12464	16515	68998
SSE4	12480	16533	152651
SSE4	12496	16701	65324
SSE4	12512	16033	151427
SSE4	12528	16120	88969
SSE4	12544	16804	56802
SSE4	12560	16853	55328
SSE4	12576	16568	65587
SSE4	12592	15952	63642
SSE4	12608	16337	59227
SSE4	12624	16279	133214
SSE4	12640	16834	81614
SSE4	12656	16130	66353
SSE4	12672	16737	59646
SSE4	12688	15975	59303
SSE4	12704	17121	65332
SSE4	12720	16648	57391
SSE4	12736	16039	59438
SSE4	12752	16653	64770
SSE4	12768	16225	55254
SSE4	12784	16555	52211
SSE4	12800	16137	61949
SSE4	12816	16606	70552
SSE4	12832	16274	54557
SSE4	12848	16677	68980
SSE4	12864	18229	52728
SSE4	12880	19958	74334
SSE4	12896	16716	57301
SSE4	12912	16473	59858
SSE4	12928	16235	61024
SSE4	12944	16309	61379
SSE4	12960	17255	62071
SSE4	12976	16772	62876
SSE4	12992	16381	58350
SSE4	13008	16608	64055
SSE4	13024	16501	58138
SSE4	13040	16952	61327
SSE4	13056	16612	61481
SSE4	13072	16755	130527
SSE4	13088	16727	57876
SSE4	13104	16507	52613
SSE4	13120	16538	60940
SSE4	13136	17303	67507
SSE4	13152	16937	59470
SSE4	13168	16835	65365
SSE4	13184	16901	62260
SSE4	13200	17172	64732
SSE4	13216	16916	55407
SSE4	13232	16896	81825
SSE4	13248	16693	56673
SSE4	13264	16726	65156
SSE4	13280	17121	67168
SSE4	13296	17918	71772
SSE4	13312	18314	61632
SSE4	13328	20132	165022
SSE4	13344	18509	66586
SSE4	13360	17381	68625
SSE4	13376	17299	81880
SSE4	13392	17192	69569
SSE4	13408	16829	58240
SSE4	13424	17352	153985
SSE4	13440	17055	87649
SSE4	13456	17127	66151
SSE4	13472	17377	62891
SSE4	13488	17400	75068
SSE4	13504	17264	70885
SSE4	13520	17307	65647
SSE4	13536	17256	63030
SSE4	13552	17720	67347
SSE4	13568	17174	61782
SSE4	13584	17375	60131
SSE4	13600	17323	61961
SSE4	13616	17395	66404
SSE4	13632	17356	180741
SSE4	13648	17812	75163
SSE4	13664	17698	117402
SSE4	13680	19566	54817
SSE4	13696	18997	60951
SSE4	13712	19487	106063
SSE4	13728	17505	73275
SSE4	13744	17508	81383
SSE4	13760	18837	813166
SSE4	13776	27089	277157
SSE4	13792	28523	98570
SSE4	13808	22593	881628
SSE4	13824	17832	62843
SSE4	13840	18689	671050
SSE4	13856	20267	183791
SSE4	13872	20025	85289
SSE4	13888	17977	66221
SSE4	13904	18022	136223
SSE4	13920	19837	99482
SSE4	13936	18953	76113
SSE4	13952	17735	66515
SSE4	13968	17915	146781
SSE4	13984	20114	75647
SSE4	14000	18402	82180
SSE4	14016	17627	61659
SSE4	14032	18172	151656
SSE4	14048	17824	63833
SSE4	14064	17657	71548
SSE4	14080	17831	139975
SSE4	14096	17953	68758
SSE4	14112	17684	63283
SSE4	14128	17920	129313
SSE4	14144	18580	72867
SSE4	14160	18491	70866
SSE4	14176	18914	59800
SSE4	14192	18015	70441
SSE4	14208	18383	70817
SSE4	14224	18485	84520
SSE4	14240	17992	88544
SSE4	14256	18315	73641
SSE4	14272	18267	57194
SSE4	14288	18109	70837
SSE4	14304	18110	59607
SSE4	14320	18847	141198
SSE4	14336	20983	74029
SSE4	14352	18878	59664
SSE4	14368	19229	66714
SSE4	14384	19915	67138
SSE4	14400	19002	59889
SSE4	14416	18700	75109
SSE4	14432	18513	156573
SSE4	14448	18478	68270
SSE4	14464	18272	60653
SSE4	14480	18767	55190
SSE4	14496	18938	66539
SSE4	14512	18424	61329
SSE4	14528	18453	68288
SSE4	14544	18981	64340
SSE4	14560	18515	60731
SSE4	14576	18675	65222
SSE4	14592	18728	65437
SSE4	14608	19013	67975
SSE4	14624	19278	63763
SSE4	14640	19133	72505
SSE4	14656	18611	58928
SSE4	14672	18670	66710
SSE4	14688	19077	65382
SSE4	14704	20934	67640
SSE4	14720	18450	62829
SSE4	14736	18638	77948
SSE4	14752	19084	178536
SSE4	14768	18785	64950
SSE4	14784	18574	58732
SSE4	14800	18827	65705
SSE4	14816	19625	138849
SSE4	14832	18712	66421
SSE4	14848	18656	62915
SSE4	14864	19052	78748
SSE4	14880	19023	64595
SSE4	14896	18928	62663
SSE4	14912	18740	63965
SSE4	14928	19313	63933
SSE4	14944	19589	63298
SSE4	14960	19873	130419
SSE4	14976	19072	126280
SSE4	14992	19014	77818
SSE4	15008	19380	55399
SSE4	15024	19012	65665
SSE4	15040	19077	63439
SSE4	15056	19647	79011
SSE4	15072	19097	145294
SSE4	15088	19395	57553
SSE4	15104	19648	65337
SSE4	15120	19227	66431
SSE4	15136	19854	153820
SSE4	15152	19293	65463
SSE4	15168	19168	66735
SSE4	15184	19276	68392
SSE4	15200	19310	60258
SSE4	15216	19291	67293
SSE4	15232	20029	60241
SSE4	15248	19378	68712
SSE4	15264	19510	135606
SSE4	15280	19204	68205
SSE4	15296	19217	59209
SSE4	15312	19977	67480
SSE4	15328	19839	67495
SSE4	15344	19865	71000
SSE4	15360	23800	68429
SSE4	15376	19570	65857
SSE4	15392	21160	71301
SSE4	15408	21094	60994
SSE4	15424	20033	80929
SSE4	15440	21310	58338
SSE4	15456	20414	64959
SSE4	15472	22729	70645
SSE4	15488	19727	71892
SSE4	15504	20276	62240
SSE4	15520	21331	75497
SSE4	15536	21688	104643
SSE4	15552	19997	60774
SSE4	15568	20204	59213
SSE4	15584	19822	73011
SSE4	15600	20278	64529
SSE4	15616	19963	71708
SSE4	15632	20642	64307
SSE4	15648	20172	68271
SSE4	15664	19875	62443
SSE4	15680	19704	63656
SSE4	15696	19786	81595
SSE4	15712	20025	80707
SSE4	15728	19969	63702
SSE4	15744	20554	65836
SSE4	15760	20450	66667
SSE4	15776	23124	81145
SSE4	15792	20567	81022
SSE4	15808	20752	58602
SSE4	15824	20167	62517
SSE4	15840	20075	82562
SSE4	15856	20725	62430
SSE4	15872	21145	81640
SSE4	15888	20525	66375
SSE4	15904	20192	63804
SSE4	15920	20619	69302
SSE4	15936	25976	92013
SSE4	15952	21792	91910
SSE4	15968	20827	81227
SSE4	15984	20291	62003
SSE4	16000	20447	82407
AVX2	16	31	126
AVX2	32	60	275
AVX2	48	86	255
AVX2	64	133	31726
AVX2	80	98	245
AVX2	96	105	327
AVX2	112	122	303
AVX2	128	146	362
AVX2	144	155	268
AVX2	160	194	318
AVX2	176	183	348
AVX2	192	207	410
AVX2	208	238	381
AVX2	224	358	498
AVX2	240	383	656
AVX2	256	262	363
AVX2	272	283	410
AVX2	288	299	487
AVX2	304	446	684
AVX2	320	331	505
AVX2	336	485	704
AVX2	352	560	796
AVX2	368	592	811
AVX2	384	400	556
AVX2	400	484	873
AVX2	416	432	609
AVX2	432	574	764
AVX2	448	515	734
AVX2	464	492	675
AVX2	480	661	29949
AVX2	496	765	27836
AVX2	512	607	760
AVX2	528	642	985
AVX2	544	605	1126
AVX2	560	607	755
AVX2	576	680	26104
AVX2	592	769	26792
AVX2	608	683	939
AVX2	624	693	820
AVX2	640	709	826
AVX2	656	725	1183
AVX2	672	784	27730
AVX2	688	742	930
AVX2	704	864	43188
AVX2	720	803	1055
AVX2	736	839	1447
AVX2	752	823	1037
AVX2	768	892	24127
AVX2	784	938	1315
AVX2	800	1071	1820
AVX2	816	1172	28137
AVX2	832	1017	1274
AVX2	848	924	1138
AVX2	864	951	1607
AVX2	880	1207	2372
AVX2	896	1095	1401
AVX2	912	993	1405
AVX2	928	1260	23137
AVX2	944	1033	1314
AVX2	960	1037	1236
AVX2	976	1060	1423
AVX2	992	1092	1777
AVX2	1008	1394	1575
AVX2	1024	1576	23998
AVX2	1040	1232	1528
AVX2	1056	1258	22819
AVX2	1072	1759	2267
AVX2	1088	1247	1545
AVX2	1104	1168	1551
AVX2	1120	1196	1405
AVX2	1136	1220	2196
AVX2	1152	1222	2021
AVX2	1168	1234	1438
AVX2	1184	1614	1946
AVX2	1200	1562	26923
AVX2	1216	1288	1441
AVX2	1232	1586	105170
AVX2	1248	1328	1468
AVX2	1264	1349	1515
AVX2	1280	1693	23876
AVX2	1296	1460	22806
AVX2	1312	1513	91789
AVX2	1328	1403	1682
AVX2	1344	1445	22819
AVX2	1360	1447	1643
AVX2	1376	1854	28025
AVX2	1392	1582	72537
AVX2	1408	1516	1694
AVX2	1424	1513	1810
AVX2	1440	1515	1792
AVX2	1456	1569	2564
AVX2	1472	1675	79145
AVX2	1488	1840	37767
AVX2	1504	2402	24395
AVX2	1520	2011	19636
AVX2	1536	1747	27553
AVX2	1552	1620	2017
AVX2	1568	1654	1964
AVX2	1584	1752	43297
AVX2	1600	1672	2000
AVX2	1616	1708	2124
AVX2	1632	1963	3302
AVX2	1648	2786	63753
AVX2	1664	2037	23390
AVX2	1680	2075	70771
AVX2	1696	1847	28523
AVX2	1712	2042	28655
AVX2	1728	1830	2264
AVX2	1744	1846	3078
AVX2	1760	1855	3268
AVX2	1776	1854	2333
AVX2	1792	1892	3221
AVX2	1808	1890	3194
AVX2	1824	2286	114952
AVX2	1840	2009	27334
AVX2	1856	2031	46201
AVX2	1872	1941	2312
AVX2	1888	1989	3405
AVX2	1904	2131	23913
AVX2	1920	2107	23365
AVX2	1936	2271	28967
AVX2	1952	2148	64377
AVX2	1968	2291	2660
AVX2	1984	2256	25491
AVX2	2000	2100	17790
AVX2	2016	2274	79090
AVX2	2032	2377	29643
AVX2	2048	2530	43222
AVX2	2064	2746	3058
AVX2	2080	2745	79063
AVX2	2096	2259	3797
AVX2	2112	2247	3828
AVX2	2128	2368	28054
AVX2	2144	2757	28347
AVX2	2160	2490	24629
AVX2	2176	2327	3996
AVX2	2192	2405	47051
AVX2	2208	2671	30380
AVX2	2224	2485	51176
AVX2	2240	2389	3946
AVX2	2256	2370	2936
AVX2	2272	2612	3147
AVX2	2288	2429	3987
AVX2	2304	2481	18141
AVX2	2320	4800	148451
AVX2	2336	4220	35568
AVX2	2352	2520	3123
AVX2	2368	2508	4112
AVX2	2384	2528	4436
AVX2	2400	2931	65574
AVX2	2416	2550	4291
AVX2	2432	3196	83559
AVX2	2448	2881	90431
AVX2	2464	2839	38414
AVX2	2480	2746	29495
AVX2	2496	2664	3096
AVX2	2512	2677	4558
AVX2	2528	3494	39810
AVX2	2544	2920	31155
AVX2	2560	2702	3149
AVX2	2576	2956	49708
AVX2	2592	2967	3367
AVX2	2608	2726	4659
AVX2	2624	2824	28484
AVX2	2640	3135	34867
AVX2	2656	2910	55418
AVX2	2672	2805	3286
AVX2	2688	2828	18839
AVX2	2704	3180	67096
AVX2	2720	3438	29795
AVX2	2736	3486	30253
AVX2	2752	3014	51778
AVX2	2768	2991	29965
AVX2	2784	3004	29790
AVX2	2800	3066	51390
AVX2	2816	3065	29692
AVX2	2832	2954	5679
AVX2	2848	3188	95700
AVX2	2864	3151	29656
AVX2	2880	3034	6118
AVX2	2896	3022	5898
AVX2	2912	3170	30005
AVX2	2928	3875	26133
AVX2	2944	3461	26755
AVX2	2960	3231	30078
AVX2	2976	5115	11341
AVX2	2992	3239	30076
AVX2	3008	3241	45192
AVX2	3024	3469	30245
AVX2	3040	3190	5993
AVX2	3056	3350	30249
AVX2	3072	3397	5613
AVX2	3088	3266	5434
AVX2	3104	3343	31656
AVX2	3120	3732	29426
AVX2	3136	3295	5480
AVX2	3152	3473	29751
AVX2	3168	3362	5774
AVX2	3184	3527	42000
AVX2	3200	4187	51556
AVX2	3216	3486	31866
AVX2	3232	3387	5735
AVX2	3248	3514	56038
AVX2	3264	3423	6002
AVX2	3280	3645	32006
AVX2	3296	3565	89736
AVX2	3312	3604	45476
AVX2	3328	3700	28918
AVX2	3344	4061	32709
AVX2	3360	3603	30280
AVX2	3376	3602	51567
AVX2	3392	3614	27084
AVX2	3408	3668	30587
AVX2	3424	3800	30634
AVX2	3440	3695	63862
AVX2	3456	3770	35978
AVX2	3472	3755	29730
AVX2	3488	3823	79956
AVX2	3504	4013	48869
AVX2	3520	3850	34751
AVX2	3536	4443	205472
AVX2	3552	3743	6477
AVX2	3568	3969	52272
AVX2	3584	4234	82518
AVX2	3600	3840	19430
AVX2	3616	4025	30727
AVX2	3632	4121	7025
AVX2	3648	4386	28258
AVX2	3664	4000	90832
AVX2	3680	4170	50520
AVX2	3696	4897	94183
AVX2	3712	4327	38450
AVX2	3728	4054	31838
AVX2	3744	4093	33244
AVX2	3760	4062	68262
AVX2	3776	4948	87865
AVX2	3792	4360	171160
AVX2	3808	4887	8242
AVX2	3824	4648	30830
AVX2	3840	4638	29709
AVX2	3856	7374	41692
AVX2	3872	7873	18249
AVX2	3888	7989	38134
AVX2	3904	7054	83590
AVX2	3920	5357	62189
AVX2	3936	5088	12777
AVX2	3952	4608	10111
AVX2	3968	5025	12388
AVX2	3984	4168	7277
AVX2	4000	4241	29704
AVX2	4016	4535	48620
AVX2	4032	4763	50395
AVX2	4048	4987	93542
AVX2	4064	4385	33918
AVX2	4080	4339	82941
AVX2	4096	4949	52343
AVX2	4112	5584	37943
AVX2	4128	4652	8118
AVX2	4144	4378	8020
AVX2	4160	4653	35744
AVX2	4176	4678	31567
AVX2	4192	4434	9467
AVX2	4208	4548	31596
AVX2	4224	4577	95424
AVX2	4240	4614	49738
AVX2	4256	4931	57177
AVX2	4272	4601	51464
AVX2	4288	4644	93369
AVX2	4304	4832	34166
AVX2	4320	4702	31311
AVX2	4336	4606	9244
AVX2	4352	4683	31816
AVX2	4368	4625	7625
AVX2	4384	4660	8112
AVX2	4400	5032	32306
AVX2	4416	4741	57350
AVX2	4432	4821	83610
AVX2	4448	4953	36221
AVX2	4464	4960	50734
AVX2	4480	4926	55622
AVX2	4496	4906	34193
AVX2	4512	4908	102251
AVX2	4528	4876	50539
AVX2	4544	4884	94026
AVX2	4560	4973	34557
AVX2	4576	4974	31980
AVX2	4592	5090	34459
AVX2	4608	5338	86431
AVX2	4624	5053	165015
AVX2	4640	4953	19210
AVX2	4656	5143	34353
AVX2	4672	5029	20672
AVX2	4688	4986	8368
AVX2	4704	5093	32028
AVX2	4720	5173	35226
AVX2	4736	5113	8436
AVX2	4752	6018	35343
AVX2	4768	5293	48691
AVX2	4784	5620	74544
AVX2	4800	9145	125472
AVX2	4816	5675	30458
AVX2	4832	7618	48204
AVX2	4848	5927	39742
AVX2	4864	5655	82435
AVX2	4880	5690	28836
AVX2	4896	5396	56501
AVX2	4912	7017	61724
AVX2	4928	5797	38737
AVX2	4944	6758	32239
AVX2	4960	6953	86682
AVX2	4976	5388	93823
AVX2	4992	5612	52805
AVX2	5008	9371	35829
AVX2	5024	5718	55262
AVX2	5040	5458	59441
AVX2	5056	5479	36249
AVX2	5072	6345	93338
AVX2	5088	5472	68044
AVX2	5104	5441	10703
AVX2	5120	6094	56169
AVX2	5136	5636	53701
AVX2	5152	6032	53235
AVX2	5168	5952	99968
AVX2	5184	5540	9345
AVX2	5200	5618	26889
AVX2	5216	5652	26856
AVX2	5232	5809	36067
AVX2	5248	5625	9663
AVX2	5264	5667	48718
AVX2	5280	5964	57594
AVX2	5296	5883	62546
AVX2	5312	5942	56646
AVX2	5328	5632	10112
AVX2	5344	6143	33283
AVX2	5360	5648	8712
AVX2	5376	5720	8876
AVX2	5392	5849	54622
AVX2	5408	6188	73225
AVX2	5424	6207	56197
AVX2	5440	6043	31832
AVX2	5456	5896	32766
AVX2	5472	5939	32810
AVX2	5488	6252	33488
AVX2	5504	6122	56775
AVX2	5520	6191	69192
AVX2	5536	6053	44987
AVX2	5552	6118	63858
AVX2	5568	5997	11384
AVX2	5584	6001	13273
AVX2	5600	6050	11211
AVX2	5616	6211	52952
AVX2	5632	6452	29668
AVX2	5648	6251	53491
AVX2	5664	6500	22224
AVX2	5680	6198	11175
AVX2	5696	6607	47753
AVX2	5712	6357	52595
AVX2	5728	6505	56310
AVX2	5744	6959	33991
AVX2	5760	6311	11431
AVX2	5776	6513	82638
AVX2	5792	6490	60445
AVX2	5808	6597	53764
AVX2	5824	6605	28929
AVX2	5840	6524	52324
AVX2	5856	6770	60702
AVX2	5872	6753	59320
AVX2	5888	6519	13663
AVX2	5904	6734	37714
AVX2	5920	6652	50001
AVX2	5936	7157	54267
AVX2	5952	6930	37132
AVX2	5968	6801	33384
AVX2	5984	7337	50531
AVX2	6000	6744	53778
AVX2	6016	6941	38009
AVX2	6032	6905	50531
AVX2	6048	6830	59526
AVX2	6064	7523	38184
AVX2	6080	6876	44012
AVX2	6096	6996	52286
AVX2	6112	6909	61358
AVX2	6128	6957	154321
AVX2	6144	8042	52869
AVX2	6160	7990	64988
AVX2	6176	7741	47858
AVX2	6192	7502	59231
AVX2	6208	6960	14616
AVX2	6224	7199	37706
AVX2	6240	7190	53884
AVX2	6256	7166	60789
AVX2	6272	7440	38895
AVX2	6288	7341	76137
AVX2	6304	7481	51254
AVX2	6320	7444	39574
AVX2	6336	7760	47264
AVX2	6352	7301	47531
AVX2	6368	7501	35326
AVX2	6384	7460	45454
AVX2	6400	7359	90974
AVX2	6416	7719	38724
AVX2	6432	7466	56032
AVX2	6448	7804	53302
AVX2	6464	7762	34190
AVX2	6480	8123	45396
AVX2	6496	7681	54701
AVX2	6512	7471	48081
AVX2	6528	8598	54100
AVX2	6544	7532	186838
AVX2	6560	8500	66000
AVX2	6576	7573	39019
AVX2	6592	7826	159429
AVX2	6608	8388	44945
AVX2	6624	7712	46968
AVX2	6640	8693	34719
AVX2	6656	8978	47258
AVX2	6672	8071	31882
AVX2	6688	7897	56351
AVX2	6704	8959	52121
AVX2	6720	8804	31881
AVX2	6736	7842	53478
AVX2	6752	9379	54921
AVX2	6768	7812	60663
AVX2	6784	7806	48403
AVX2	6800	8783	49497
AVX2	6816	8016	51292
AVX2	6832	8311	186080
AVX2	6848	8083	53018
AVX2	6864	7898	61963
AVX2	6880	9288	38945
AVX2	6896	14275	41392
AVX2	6912	14593	56195
AVX2	6928	14805	75085
AVX2	6944	11520	64630
AVX2	6960	12724	46358
AVX2	6976	10348	78482
AVX2	6992	14642	370422
AVX2	7008	10288	279621
AVX2	7024	12246	305749
AVX2	7040	9217	182468
AVX2	7056	12056	44067
AVX2	7072	8260	45655
AVX2	7088	10214	40369
AVX2	7104	8290	39398
AVX2	7120	9152	183395
AVX2	7136	15173	331526
AVX2	7152	14822	146030
AVX2	7168	15207	549079
AVX2	7184	9401	26162
AVX2	7200	9256	57160
AVX2	7216	10125	44555
AVX2	7232	9025	30128
AVX2	7248	11220	49417
AVX2	7264	9359	56683
AVX2	7280	9339	55528
AVX2	7296	9243	37145
AVX2	7312	9227	43824
AVX2	7328	10379	38807
AVX2	7344	9263	44047
AVX2	7360	10122	41793
AVX2	7376	9240	38044
AVX2	7392	9748	38948
AVX2	7408	10818	32933
AVX2	7424	9642	35496
AVX2	7440	9735	60077
AVX2	7456	10208	43873
AVX2	7472	13391	41522
AVX2	7488	9852	41057
AVX2	7504	11366	67990
AVX2	7520	15179	63301
AVX2	7536	11611	43065
AVX2	7552	10603	48984
AVX2	7568	10898	74117
AVX2	7584	12814	73788
AVX2	7600	10569	58951
AVX2	7616	15059	93019
AVX2	7632	9865	55507
AVX2	7648	12638	137430
AVX2	7664	15992	63035
AVX2	7680	10565	81100
AVX2	7696	15465	48978
AVX2	7712	14334	50099
AVX2	7728	16130	50391
AVX2	7744	16607	267118
AVX2	7760	10534	38997
AVX2	7776	11684	42068
AVX2	7792	10053	46794
AVX2	7808	15225	89663
AVX2	7824	9878	25766
AVX2	7840	15869	87027
AVX2	7856	16781	53250
AVX2	7872	10255	38937
AVX2	7888	14446	58003
AVX2	7904	17978	82010
AVX2	7920	16904	86765
AVX2	7936	15927	117191
AVX2	7952	10314	45087
AVX2	7968	10404	49172
AVX2	7984	10414	112782
AVX2	8000	11345	142908
AVX2	8016	13410	94805
AVX2	8032	10786	89567
AVX2	8048	11333	49128
AVX2	8064	13202	215387
AVX2	8080	11724	56949
AVX2	8096	9619	43256
AVX2	8112	17882	96495
AVX2	8128	14159	42230
AVX2	8144	12536	69957
AVX2	8160	10198	68169
AVX2	8176	14889	197187
AVX2	8192	19227	130555
AVX2	8208	15873	1147857
AVX2	8224	13700	88793
AVX2	8240	10991	34028
AVX2	8256	17697	371603
AVX2	8272	17571	74840
AVX2	8288	10904	32393
AVX2	8304	16981	1469669
AVX2	8320	16339	114195
AVX2	8336	17802	943520
AVX2	8352	15760	89739
AVX2	8368	15909	57470
AVX2	8384	16456	217428
AVX2	8400	16528	658687
AVX2	8416	15784	89876
AVX2	8432	15668	83032
AVX2	8448	16492	240448
AVX2	8464	16365	148125
AVX2	8480	13443	271151
AVX2	8496	18031	251145
AVX2	8512	17439	94569
AVX2	8528	16815	86283
AVX2	8544	17241	267102
AVX2	8560	17564	291397
AVX2	8576	18542	974197
AVX2	8592	13720	117433
AVX2	8608	16030	731707
AVX2	8624	21412	2463532
AVX2	8640	17614	1075389
AVX2	8656	11543	49042
AVX2	8672	10935	50680
AVX2	8688	11371	66748
AVX2	8704	11799	283605
AVX2	8720	11308	32171
AVX2	8736	10991	40777
AVX2	8752	11104	51015
AVX2	8768	11235	132967
AVX2	8784	12857	369443
AVX2	8800	10235	39867
AVX2	8816	10091	52988
AVX2	8832	10204	126889
AVX2	8848	10236	118037
AVX2	8864	11263	65546
AVX2	8880	10108	73367
AVX2	8896	11358	43893
AVX2	8912	10345	65734
AVX2	8928	10651	38225
AVX2	8944	10282	59481
AVX2	8960	10274	62907
AVX2	8976	10514	75642
AVX2	8992	10347	64935
AVX2	9008	11206	71729
AVX2	9024	10684	59150
AVX2	9040	11770	77683
AVX2	9056	10293	53163
AVX2	9072	12337	152520
AVX2	9088	11487	44511
AVX2	9104	12409	99765
AVX2	9120	10938	94878
AVX2	9136	12522	117480
AVX2	9152	10501	78936
AVX2	9168	12122	120503
AVX2	9184	10838	172480
AVX2	9200	11943	209213
AVX2	9216	11121	47904
AVX2	9232	10963	55362
AVX2	9248	11228	54212
AVX2	9264	10964	189975
AVX2	9280	11677	35242
AVX2	9296	12220	230820
AVX2	9312	10865	36518
AVX2	9328	11976	214289
AVX2	9344	11254	44628
AVX2	9360	10818	56954
AVX2	9376	14369	49062
AVX2	9392	12622	69719
AVX2	9408	10766	63794
AVX2	9424	13321	58006
AVX2	9440	11110	45040
AVX2	9456	19889	158972
AVX2	9472	21661	1296870
AVX2	9488	20966	2402456
AVX2	9504	19696	133507
AVX2	9520	19744	88871
AVX2	9536	19735	109001
AVX2	9552	12880	208396
AVX2	9568	12211	55305
AVX2	9584	12785	217993
AVX2	9600	16168	890289
AVX2	9616	12654	79852
AVX2	9632	13715	181584
AVX2	9648	20172	131375
AVX2	9664	21482	795187
AVX2	9680	20332	101299
AVX2	9696	22110	1675995
AVX2	9712	23080	1964916
AVX2	9728	18684	60361
AVX2	9744	12905	47274
AVX2	9760	18654	67779
AVX2	9776	15509	49530
AVX2	9792	19740	57942
AVX2	9808	20547	183933
AVX2	9824	20174	68908
AVX2	9840	19255	74437
AVX2	9856	16340	176263
AVX2	9872	12609	46589
AVX2	9888	12863	44558
AVX2	9904	13901	45593
AVX2	9920	12982	110786
AVX2	9936	19822	47190
AVX2	9952	19381	86681
AVX2	9968	15713	59569
AVX2	9984	13511	43859
AVX2	10000	20586	169795
AVX2	10016	13096	136483
AVX2	10032	12914	32480
AVX2	10048	14205	81533
AVX2	10064	13821	121735
AVX2	10080	19751	223552
AVX2	10096	14442	151808
AVX2	10112	20300	274507
AVX2	10128	15544	211787
AVX2	10144	17914	153478
AVX2	10160	14846	56423
AVX2	10176	13605	32771
AVX2	10192	19940	185048
AVX2	10208	19975	88671
AVX2	10224	21439	62602
AVX2	10240	18084	56484
AVX2	10256	26907	1786769
AVX2	10272	26229	1860150
AVX2	10288	24118	1313737
AVX2	10304	21988	815666
AVX2	10320	26522	5332412
AVX2	10336	21423	84249
AVX2	10352	21659	91936
AVX2	10368	21631	95455
AVX2	10384	20894	84367
AVX2	10400	21320	61828
AVX2	10416	15793	52855
AVX2	10432	14075	59811
AVX2	10448	21459	51448
AVX2	10464	19188	288496
AVX2	10480	21895	214165
AVX2	10496	22425	177378
AVX2	10512	21525	65829
AVX2	10528	21657	75091
AVX2	10544	21614	72777
AVX2	10560	20625	62854
AVX2	10576	21957	80389
AVX2	10592	23533	2465713
AVX2	10608	21862	101256
AVX2	10624	21276	79383
AVX2	10640	21567	55978
AVX2	10656	21878	119190
AVX2	10672	20814	103088
AVX2	10688	21160	105989
AVX2	10704	20631	157011
AVX2	10720	20498	88660
AVX2	10736	21558	118314
AVX2	10752	14767	47710
AVX2	10768	15883	67493
AVX2	10784	15122	58849
AVX2	10800	18138	73852
AVX2	10816	19855	1074092
AVX2	10832	14167	53074
AVX2	10848	21104	60271
AVX2	10864	22966	176843
AVX2	10880	20922	80642
AVX2	10896	22200	55683
AVX2	10912	14443	37587
AVX2	10928	14998	65520
AVX2	10944	23039	278483
AVX2	10960	19159	276123
AVX2	10976	26297	2967712
AVX2	10992	23825	532408
AVX2	11008	21873	273095
AVX2	11024	20362	219954
AVX2	11040	17735	195208
AVX2	11056	18602	112436
AVX2	11072	20924	120187
AVX2	11088	22570	311327
AVX2	11104	19115	1426796
AVX2	11120	16034	142026
AVX2	11136	17012	105242
AVX2	11152	23241	260763
AVX2	11168	23818	284790
AVX2	11184	23629	278575
AVX2	11200	16581	279968
AVX2	11216	14291	67545
AVX2	11232	14410	100112
AVX2	11248	16387	247523
AVX2	11264	15910	181902
AVX2	11280	15160	134735
AVX2	11296	15368	43706
AVX2	11312	15049	57327
AVX2	11328	15576	75192
AVX2	11344	15809	216606
AVX2	11360	17152	67984
AVX2	11376	21261	146863
AVX2	11392	16756	708393
AVX2	11408	18266	364557
AVX2	11424	14555	83107
AVX2	11440	15195	229490
AVX2	11456	15722	75481
AVX2	11472	14855	217643
AVX2	11488	15412	91477
AVX2	11504	16013	58228
AVX2	11520	15198	335721
AVX2	11536	16444	104263
AVX2	11552	19426	158175
AVX2	11568	16199	218192
AVX2	11584	24430	289175
AVX2	11600	17706	306898
AVX2	11616	14836	65064
AVX2	11632	16484	134345
AVX2	11648	18390	747206
AVX2	11664	23280	1142460
AVX2	11680	23873	530094
AVX2	11696	21298	64304
AVX2	11712	19987	92883
AVX2	11728	16428	47742
AVX2	11744	23805	78402
AVX2	11760	14848	59710
AVX2	11776	24089	76402
AVX2	11792	19530	143829
AVX2	11808	16306	44616
AVX2	11824	22744	69770
AVX2	11840	22925	70129
AVX2	11856	23033	122939
AVX2	11872	22626	73498
AVX2	11888	23900	83657
AVX2	11904	24670	77332
AVX2	11920	24931	96928
AVX2	11936	23666	102309
AVX2	11952	24837	74334
AVX2	11968	24983	114637
AVX2	11984	25010	78416
AVX2	12000	25045	64625
AVX2	12016	23466	51342
AVX2	12032	24954	81472
AVX2	12048	18577	62426
AVX2	12064	22684	63267
AVX2	12080	25158	123994
AVX2	12096	18220	87736
AVX2	12112	24562	70289
AVX2	12128	19636	179540
AVX2	12144	21787	90125
AVX2	12160	17831	62134
AVX2	12176	20558	72488
AVX2	12192	18560	50145
AVX2	12208	15959	44324
AVX2	12224	19910	67713
AVX2	12240	18035	81339
AVX2	12256	23338	61548
AVX2	12272	19491	61632
AVX2	12288	19139	77214
AVX2	12304	25835	55412
AVX2	12320	25226	106367
AVX2	12336	25186	75160
AVX2	12352	25009	94082
AVX2	12368	24825	114634
AVX2	12384	16683	50021
AVX2	12400	21702	206685
AVX2	12416	26041	421041
AVX2	12432	25210	212790
AVX2	12448	25765	98263
AVX2	12464	25931	63255
AVX2	12480	21565	62891
AVX2	12496	17296	249072
AVX2	12512	24363	182670
AVX2	12528	18023	83905
AVX2	12544	21424	216878
AVX2	12560	19142	175312
AVX2	12576	19230	94279
AVX2	12592	18462	67557
AVX2	12608	17654	89053
AVX2	12624	24916	73216
AVX2	12640	27244	395255
AVX2	12656	33152	5830477
AVX2	12672	29916	976927
AVX2	12688	27259	504151
AVX2	12704	31416	3258288
AVX2	12720	28024	694255
AVX2	12736	25936	279099
AVX2	12752	27617	439547
AVX2	12768	27083	302250
AVX2	12784	28386	163797
AVX2	12800	27583	553621
AVX2	12816	22354	69284
AVX2	12832	23042	70850
AVX2	12848	24824	80739
AVX2	12864	26770	132123
AVX2	12880	26437	117965
AVX2	12896	28870	3457211
AVX2	12912	22307	134741
AVX2	12928	23653	113409
AVX2	12944	23579	90691
AVX2	12960	30729	396884
AVX2	12976	26939	62813
AVX2	12992	27123	105939
AVX2	13008	25595	74801
AVX2	13024	26630	144661
AVX2	13040	25487	79274
AVX2	13056	29749	151745
AVX2	13072	26144	90246
AVX2	13088	29085	97536
AVX2	13104	27139	82870
AVX2	13120	26173	228619
AVX2	13136	32879	4635442
AVX2	13152	19476	251920
AVX2	13168	17375	358378
AVX2	13184	17285	115850
AVX2	13200	18309	154041
AVX2	13216	21107	183753
AVX2	13232	21163	58049
AVX2	13248	23068	242863
AVX2	13264	23381	605468
AVX2	13280	20244	318988
AVX2	13296	18501	110214
AVX2	13312	28869	224978
AVX2	13328	29922	786251
AVX2	13344	17719	85638
AVX2	13360	17952	53285
AVX2	13376	17497	54262
AVX2	13392	26618	88163
AVX2	13408	26319	62848
AVX2	13424	27773	90965
AVX2	13440	26181	74946
AVX2	13456	21426	84477
AVX2	13472	16893	36481
AVX2	13488	17244	61762
AVX2	13504	18656	78500
AVX2	13520	16970	76200
AVX2	13536	19808	141602
AVX2	13552	18292	57605
AVX2	13568	19518	72118
AVX2	13584	18582	74213
AVX2	13600	23986	72670
AVX2	13616	28495	61051
AVX2	13632	26129	70681
AVX2	13648	26079	73531
AVX2	13664	28484	70564
AVX2	13680	25560	70019
AVX2	13696	25711	77786
AVX2	13712	25542	84954
AVX2	13728	24281	177797
AVX2	13744	17590	64821
AVX2	13760	22054	590301
AVX2	13776	18430	214792
AVX2	13792	20216	1346199
AVX2	13808	19268	69966
AVX2	13824	18272	60933
AVX2	13840	20555	73409
AVX2	13856	18381	55227
AVX2	13872	20074	534511
AVX2	13888	23409	311697
AVX2	13904	18086	70356
AVX2	13920	18834	73788
AVX2	13936	18438	70856
AVX2	13952	17729	43380
AVX2	13968	19869	55386
AVX2	13984	16717	47450
AVX2	14000	16428	54633
AVX2	14016	16917	162995
AVX2	14032	16574	270701
AVX2	14048	16406	65979
AVX2	14064	16601	144271
AVX2	14080	16736	54656
AVX2	14096	16146	62633
AVX2	14112	16158	59287
AVX2	14128	16728	182327
AVX2	14144	17346	58240
AVX2	14160	16483	191690
AVX2	14176	24833	255873
AVX2	14192	16583	65832
AVX2	14208	16292	63124
AVX2	14224	16967	316018
AVX2	14240	17692	58988
AVX2	14256	16258	58296
AVX2	14272	17281	182787
AVX2	14288	16782	70241
AVX2	14304	19074	71419
AVX2	14320	20404	83581
AVX2	14336	20741	240734
AVX2	14352	19286	61993
AVX2	14368	20385	77171
AVX2	14384	21518	81874
AVX2	14400	22011	240165
AVX2	14416	26250	992940
AVX2	14432	28335	339418
AVX2	14448	25657	790441
AVX2	14464	18708	66456
AVX2	14480	20773	83024
AVX2	14496	25711	486062
AVX2	14512	21465	106409
AVX2	14528	27927	73508
AVX2	14544	27576	102553
AVX2	14560	20303	47976
AVX2	14576	30229	1345988
AVX2	14592	30320	342888
AVX2	14608	29947	76587
AVX2	14624	30181	515300
AVX2	14640	34537	864688
AVX2	14656	18753	52549
AVX2	14672	18559	72878
AVX2	14688	20608	70203
AVX2	14704	26718	68134
AVX2	14720	29404	110404
AVX2	14736	29484	82908
AVX2	14752	29216	162513
AVX2	14768	28857	99863
AVX2	14784	29431	111411
AVX2	14800	30203	114940
AVX2	14816	30906	240630
AVX2	14832	30510	195254
AVX2	14848	30349	96420
AVX2	14864	30455	102914
AVX2	14880	19789	63533
AVX2	14896	29329	68071
AVX2	14912	30088	546812
AVX2	14928	29936	280693
AVX2	14944	30417	102490
AVX2	14960	29931	85680
AVX2	14976	30684	108862
AVX2	14992	30788	69905
AVX2	15008	25531	121379
AVX2	15024	18914	52662
AVX2	15040	17546	66134
AVX2	15056	18555	59570
AVX2	15072	17193	76463
AVX2	15088	17205	66274
AVX2	15104	17500	60154
AVX2	15120	17614	61013
AVX2	15136	17246	56701
AVX2	15152	17994	60544
AVX2	15168	17347	56769
AVX2	15184	17233	59388
AVX2	15200	17539	64114
AVX2	15216	17687	66788
AVX2	15232	17478	58583
AVX2	15248	17247	54024
AVX2	15264	18289	64093
AVX2	15280	17732	81069
AVX2	15296	18942	156398
AVX2	15312	21738	240526
AVX2	15328	27585	330278
AVX2	15344	33615	315250
AVX2	15360	20559	53635
AVX2	15376	22624	93586
AVX2	15392	25944	206336
AVX2	15408	18819	170570
AVX2	15424	18344	177674
AVX2	15440	19463	55753
AVX2	15456	18549	58519
AVX2	15472	19293	71651
AVX2	15488	17847	56763
AVX2	15504	18239	71782
AVX2	15520	18150	53447
AVX2	15536	19488	64061
AVX2	15552	18160	137557
AVX2	15568	17646	57475
AVX2	15584	18386	54496
AVX2	15600	18888	63543
AVX2	15616	18255	53112
AVX2	15632	20346	246997
AVX2	15648	24265	268433
AVX2	15664	30237	194896
AVX2	15680	19442	60135
AVX2	15696	18854	69013
AVX2	15712	19386	166807
AVX2	15728	19367	63576
AVX2	15744	18414	62210
AVX2	15760	17967	69674
AVX2	15776	18692	58816
AVX2	15792	19629	69149
AVX2	15808	18793	59539
AVX2	15824	19020	66575
AVX2	15840	24911	84165
AVX2	15856	20938	63778
AVX2	15872	19830	62024
AVX2	15888	19963	44653
AVX2	15904	18569	74260
AVX2	15920	19466	129405
AVX2	15936	18653	85975
AVX2	15952	20171	72750
AVX2	15968	22661	60132
AVX2	15984	19628	79464
AVX2	16000	18492	65242
