SSE4	16	7	14622
SSE4	32	22	44428
SSE4	48	14	29632
SSE4	64	18	36832
SSE4	80	22	45552
SSE4	96	24	48727
SSE4	112	27	54392
SSE4	128	31	62935
SSE4	144	32	65380
SSE4	160	35	71858
SSE4	176	39	79400
SSE4	192	43	86602
SSE4	208	82	164885
SSE4	224	77	155990
SSE4	240	83	166540
SSE4	256	88	177502
SSE4	272	68	136956
SSE4	288	86	173357
SSE4	304	82	164522
SSE4	320	115	231953
SSE4	336	91	182288
SSE4	352	92	185750
SSE4	368	96	192358
SSE4	384	99	199722
SSE4	400	103	206256
SSE4	416	118	236571
SSE4	432	171	342582
SSE4	448	114	228306
SSE4	464	118	236805
SSE4	480	121	242156
SSE4	496	137	275643
SSE4	512	154	308400
SSE4	528	131	263224
SSE4	544	135	270305
SSE4	560	138	277422
SSE4	576	142	284113
SSE4	592	146	292510
SSE4	608	149	298934
SSE4	624	153	306372
SSE4	640	173	346909
SSE4	656	199	398776
SSE4	672	241	482272
SSE4	688	259	519766
SSE4	704	265	531050
SSE4	720	174	349024
SSE4	736	178	356414
SSE4	752	246	493034
SSE4	768	213	426771
SSE4	784	189	378025
SSE4	800	192	385135
SSE4	816	225	450415
SSE4	832	199	398757
SSE4	848	203	406381
SSE4	864	206	412033
SSE4	880	210	420255
SSE4	896	213	427137
SSE4	912	216	433837
SSE4	928	220	441022
SSE4	944	224	448002
SSE4	960	227	454973
SSE4	976	231	463430
SSE4	992	246	492309
SSE4	1008	249	499946
SSE4	1024	244	489305
SSE4	1040	245	490746
SSE4	1056	248	496460
SSE4	1072	251	503868
SSE4	1088	255	511971
SSE4	1104	259	518440
SSE4	1120	262	525901
SSE4	1136	372	745940
SSE4	1152	269	539335
SSE4	1168	273	546051
SSE4	1184	348	696176
SSE4	1200	280	561333
SSE4	1216	284	568247
SSE4	1232	286	573590
SSE4	1248	291	583131
SSE4	1264	294	589799
SSE4	1280	329	659813
SSE4	1296	510	1021655
SSE4	1312	423	846126
SSE4	1328	309	618509
SSE4	1344	485	970128
SSE4	1360	316	632064
SSE4	1376	319	638575
SSE4	1392	375	750256
SSE4	1408	422	844280
SSE4	1424	365	731580
SSE4	1440	401	803770
SSE4	1456	497	995700
SSE4	1472	341	682365
SSE4	1488	344	688830
SSE4	1504	347	695332
SSE4	1520	350	701899
SSE4	1536	354	708374
SSE4	1552	444	889276
SSE4	1568	395	791416
SSE4	1584	365	731266
SSE4	1600	368	736775
SSE4	1616	372	745029
SSE4	1632	415	831899
SSE4	1648	489	979588
SSE4	1664	396	792442
SSE4	1680	584	1168344
SSE4	1696	575	1150968
SSE4	1712	394	788115
SSE4	1728	614	1229316
SSE4	1744	460	920513
SSE4	1760	446	893730
SSE4	1776	409	818248
SSE4	1792	456	912354
SSE4	1808	415	831967
SSE4	1824	418	837473
SSE4	1840	467	935714
SSE4	1856	513	1026136
SSE4	1872	443	887591
SSE4	1888	433	867304
SSE4	1904	435	870688
SSE4	1920	440	881959
SSE4	1936	626	1252336
SSE4	1952	447	895936
SSE4	1968	449	898607
SSE4	1984	502	1005905
SSE4	2000	490	981516
SSE4	2016	559	1119073
SSE4	2032	502	1004215
SSE4	2048	617	1234424
SSE4	2064	499	999746
SSE4	2080	717	1435186
SSE4	2096	728	1456858
SSE4	2112	642	1284784
SSE4	2128	487	974040
SSE4	2144	490	980209
SSE4	2160	551	1103393
SSE4	2176	496	992713
SSE4	2192	543	1087531
SSE4	2208	503	1006934
SSE4	2224	506	1013635
SSE4	2240	565	1130471
SSE4	2256	515	1030896
SSE4	2272	557	1115094
SSE4	2288	521	1042594
SSE4	2304	655	1310434
SSE4	2320	586	1173074
SSE4	2336	551	1102134
SSE4	2352	536	1073975
SSE4	2368	539	1078192
SSE4	2384	543	1086601
SSE4	2400	546	1092445
SSE4	2416	623	1247498
SSE4	2432	613	1227324
SSE4	2448	557	1114253
SSE4	2464	559	1119605
SSE4	2480	566	1132126
SSE4	2496	567	1134602
SSE4	2512	571	1142024
SSE4	2528	574	1148098
SSE4	2544	577	1155746
SSE4	2560	941	1883059
SSE4	2576	689	1379696
SSE4	2592	589	1178269
SSE4	2608	767	1534056
SSE4	2624	595	1190497
SSE4	2640	598	1197456
SSE4	2656	633	1266417
SSE4	2672	606	1213819
SSE4	2688	1003	2007258
SSE4	2704	1058	2117705
SSE4	2720	619	1238735
SSE4	2736	656	1313681
SSE4	2752	626	1253233
SSE4	2768	630	1261993
SSE4	2784	633	1266141
SSE4	2800	637	1274624
SSE4	2816	674	1349293
SSE4	2832	642	1285327
SSE4	2848	646	1292699
SSE4	2864	648	1297745
SSE4	2880	655	1310331
SSE4	2896	659	1319501
SSE4	2912	661	1323926
SSE4	2928	667	1335375
SSE4	2944	709	1418762
SSE4	2960	670	1341095
SSE4	2976	1301	2602734
SSE4	2992	809	1619956
SSE4	3008	702	1405373
SSE4	3024	733	1466017
SSE4	3040	725	1450634
SSE4	3056	730	1461652
SSE4	3072	705	1410537
SSE4	3088	790	1580945
SSE4	3104	702	1404312
SSE4	3120	803	1606319
SSE4	3136	708	1416864
SSE4	3152	777	1554277
SSE4	3168	714	1429858
SSE4	3184	765	1531572
SSE4	3200	725	1451950
SSE4	3216	767	1534594
SSE4	3232	808	1616663
SSE4	3248	776	1552170
SSE4	3264	818	1636385
SSE4	3280	840	1681840
SSE4	3296	920	1841892
SSE4	3312	750	1500999
SSE4	3328	751	1502693
SSE4	3344	838	1676477
SSE4	3360	868	1737785
SSE4	3376	797	1594272
SSE4	3392	852	1705730
SSE4	3408	825	1650492
SSE4	3424	775	1550572
SSE4	3440	778	1557593
SSE4	3456	866	1732224
SSE4	3472	882	1765155
SSE4	3488	817	1634624
SSE4	3504	1334	2669512
SSE4	3520	1238	2477776
SSE4	3536	828	1657072
SSE4	3552	803	1607763
SSE4	3568	807	1614431
SSE4	3584	810	1621087
SSE4	3600	815	1631296
SSE4	3616	823	1647182
SSE4	3632	861	1722296
SSE4	3648	824	1648905
SSE4	3664	896	1793789
SSE4	3680	831	1663937
SSE4	3696	836	1672142
SSE4	3712	838	1677015
SSE4	3728	839	1678920
SSE4	3744	842	1685971
SSE4	3760	847	1694273
SSE4	3776	899	1799969
SSE4	3792	878	1756420
SSE4	3808	857	1715872
SSE4	3824	862	1724216
SSE4	3840	866	1733564
SSE4	3856	916	1833710
SSE4	3872	872	1745494
SSE4	3888	875	1751907
SSE4	3904	960	1920050
SSE4	3920	885	1771830
SSE4	3936	943	1886940
SSE4	3952	1062	2125492
SSE4	3968	893	1787522
SSE4	3984	948	1897037
SSE4	4000	903	1807561
SSE4	4016	903	1807933
SSE4	4032	909	1819668
SSE4	4048	945	1891665
SSE4	4064	1039	2079531
SSE4	4080	994	1989327
SSE4	4096	982	1964524
SSE4	4112	1016	2032826
SSE4	4128	989	1978802
SSE4	4144	945	1890277
SSE4	4160	937	1874835
SSE4	4176	941	1882311
SSE4	4192	988	1976157
SSE4	4208	948	1896413
SSE4	4224	950	1901411
SSE4	4240	1010	2021160
SSE4	4256	959	1919825
SSE4	4272	963	1926110
SSE4	4288	966	1933316
SSE4	4304	970	1941267
SSE4	4320	972	1945644
SSE4	4336	977	1955346
SSE4	4352	1067	2134971
SSE4	4368	1024	2048382
SSE4	4384	986	1973231
SSE4	4400	1179	2358628
SSE4	4416	1098	2197543
SSE4	4432	1198	2396960
SSE4	4448	1001	2003153
SSE4	4464	1008	2016524
SSE4	4480	1049	2098060
SSE4	4496	1008	2017675
SSE4	4512	1011	2023367
SSE4	4528	1056	2113423
SSE4	4544	1020	2041327
SSE4	4560	1025	2050839
SSE4	4576	1118	2237207
SSE4	4592	1032	2065532
SSE4	4608	1066	2133434
SSE4	4624	1727	3454974
SSE4	4640	1115	2231964
SSE4	4656	1047	2095095
SSE4	4672	1048	2096144
SSE4	4688	1052	2104722
SSE4	4704	1558	3116238
SSE4	4720	1059	2119000
SSE4	4736	1191	2383274
SSE4	4752	1068	2137934
SSE4	4768	1075	2150247
SSE4	4784	1132	2264874
SSE4	4800	1077	2154645
SSE4	4816	1252	2504462
SSE4	4832	1093	2187254
SSE4	4848	1269	2538857
SSE4	4864	1229	2458723
SSE4	4880	1100	2200150
SSE4	4896	1102	2204078
SSE4	4912	1106	2213943
SSE4	4928	1140	2281725
SSE4	4944	1112	2224943
SSE4	4960	1116	2232708
SSE4	4976	1133	2266895
SSE4	4992	1121	2242121
SSE4	5008	1127	2255891
SSE4	5024	1130	2261186
SSE4	5040	1294	2589853
SSE4	5056	1138	2277701
SSE4	5072	1140	2280548
SSE4	5088	1209	2418710
SSE4	5104	1278	2556281
SSE4	5120	1168	2337587
SSE4	5136	1156	2312345
SSE4	5152	1282	2564172
SSE4	5168	1168	2336705
SSE4	5184	1219	2439988
SSE4	5200	1207	2414871
SSE4	5216	1173	2347280
SSE4	5232	1177	2355035
SSE4	5248	1220	2440880
SSE4	5264	1185	2370538
SSE4	5280	1181	2363177
SSE4	5296	1192	2385353
SSE4	5312	1256	2513956
SSE4	5328	1194	2388987
SSE4	5344	1255	2511573
SSE4	5360	1233	2467896
SSE4	5376	1246	2493263
SSE4	5392	1246	2493355
SSE4	5408	1302	2605973
SSE4	5424	1221	2443189
SSE4	5440	1348	2696471
SSE4	5456	1300	2601738
SSE4	5472	2046	4093311
SSE4	5488	1277	2554207
SSE4	5504	1252	2505636
SSE4	5520	1260	2521631
SSE4	5536	1267	2534296
SSE4	5552	1430	2861860
SSE4	5568	1283	2566673
SSE4	5584	1288	2577114
SSE4	5600	1296	2592875
SSE4	5616	1444	2889559
SSE4	5632	1350	2700672
SSE4	5648	1321	2642735
SSE4	5664	1336	2673139
SSE4	5680	1338	2676743
SSE4	5696	1344	2689705
SSE4	5712	1396	2792290
SSE4	5728	1415	2831126
SSE4	5744	1365	2730288
SSE4	5760	1392	2784933
SSE4	5776	1400	2800455
SSE4	5792	1409	2819051
SSE4	5808	1464	2929148
SSE4	5824	1527	3055862
SSE4	5840	1440	2881659
SSE4	5856	1456	2913848
SSE4	5872	1461	2923511
SSE4	5888	1474	2949734
SSE4	5904	1541	3082486
SSE4	5920	1629	3258579
SSE4	5936	1639	3278015
SSE4	5952	1563	3126490
SSE4	5968	1675	3351180
SSE4	5984	1549	3099848
SSE4	6000	1575	3151239
SSE4	6016	1527	3055476
SSE4	6032	1659	3318990
SSE4	6048	1481	2962586
SSE4	6064	1489	2978183
SSE4	6080	1536	3073459
SSE4	6096	1737	3475209
SSE4	6112	1691	3383810
SSE4	6128	1725	3450762
SSE4	6144	1825	3650664
SSE4	6160	1892	3784528
SSE4	6176	1787	3574681
SSE4	6192	1746	3493128
SSE4	6208	1709	3418694
SSE4	6224	1631	3263451
SSE4	6240	1656	3313826
SSE4	6256	1589	3178217
SSE4	6272	1616	3232878
SSE4	6288	1663	3327103
SSE4	6304	1681	3362727
SSE4	6320	1710	3421889
SSE4	6336	1732	3465675
SSE4	6352	1813	3626061
SSE4	6368	1829	3658551
SSE4	6384	1829	3658741
SSE4	6400	1826	3653442
SSE4	6416	1853	3707954
SSE4	6432	1853	3707856
SSE4	6448	1928	3856664
SSE4	6464	1877	3754355
SSE4	6480	1884	3768365
SSE4	6496	2712	5425115
SSE4	6512	1904	3809419
SSE4	6528	1927	3854035
SSE4	6544	1935	3871582
SSE4	6560	1914	3828401
SSE4	6576	2069	4139064
SSE4	6592	1932	3864355
SSE4	6608	1905	3810881
SSE4	6624	1914	3829993
SSE4	6640	1984	3968219
SSE4	6656	1940	3880528
SSE4	6672	1906	3813953
SSE4	6688	1941	3883485
SSE4	6704	1911	3823863
SSE4	6720	1922	3845319
SSE4	6736	1938	3876740
SSE4	6752	1916	3833027
SSE4	6768	1922	3844767
SSE4	6784	1922	3845070
SSE4	6800	1931	3862569
SSE4	6816	1938	3876446
SSE4	6832	1867	3734794
SSE4	6848	2050	4100425
SSE4	6864	1954	3909880
SSE4	6880	1966	3933375
SSE4	6896	1986	3973590
SSE4	6912	2007	4014831
SSE4	6928	2052	4104389
SSE4	6944	2090	4181912
SSE4	6960	2065	4131297
SSE4	6976	2004	4008137
SSE4	6992	2111	4222278
SSE4	7008	2075	4150899
SSE4	7024	2075	4151484
SSE4	7040	2093	4187634
SSE4	7056	2107	4215322
SSE4	7072	2109	4219925
SSE4	7088	2119	4238321
SSE4	7104	2179	4359424
SSE4	7120	2186	4372948
SSE4	7136	2400	4801394
SSE4	7152	2336	4673175
SSE4	7168	2308	4617357
SSE4	7184	2222	4444918
SSE4	7200	2146	4292770
SSE4	7216	2149	4298614
SSE4	7232	2094	4189506
SSE4	7248	2054	4109358
SSE4	7264	2101	4202060
SSE4	7280	2106	4213182
SSE4	7296	2079	4159061
SSE4	7312	2172	4344831
SSE4	7328	2098	4197666
SSE4	7344	2133	4267628
SSE4	7360	2111	4222727
SSE4	7376	2143	4286440
SSE4	7392	2082	4164356
SSE4	7408	2140	4281558
SSE4	7424	2105	4210371
SSE4	7440	2118	4236380
SSE4	7456	2085	4171936
SSE4	7472	2035	4070257
SSE4	7488	2131	4263203
SSE4	7504	2102	4205124
SSE4	7520	2064	4129266
SSE4	7536	2135	4271464
SSE4	7552	2324	4648818
SSE4	7568	2135	4270267
SSE4	7584	2148	4297987
SSE4	7600	2153	4306768
SSE4	7616	2155	4310601
SSE4	7632	2184	4368781
SSE4	7648	2141	4283103
SSE4	7664	2265	4531595
SSE4	7680	2236	4473646
SSE4	7696	2228	4456073
SSE4	7712	2228	4456124
SSE4	7728	2257	4514001
SSE4	7744	2275	4551515
SSE4	7760	2308	4617681
SSE4	7776	2289	4578523
SSE4	7792	2337	4675558
SSE4	7808	2254	4509625
SSE4	7824	2248	4496211
SSE4	7840	2277	4555268
SSE4	7856	2247	4494657
SSE4	7872	2298	4596130
SSE4	7888	2820	5640073
SSE4	7904	2191	4382418
SSE4	7920	2277	4555464
SSE4	7936	2284	4568676
SSE4	7952	2322	4645504
SSE4	7968	2265	4531871
SSE4	7984	2919	5838268
SSE4	8000	2318	4637315
SSE4	8016	2299	4599436
SSE4	8032	2298	4596678
SSE4	8048	2297	4594411
SSE4	8064	2562	5125120
SSE4	8080	3290	6580200
SSE4	8096	2319	4639654
SSE4	8112	2358	4716614
SSE4	8128	2436	4873488
SSE4	8144	2330	4661182
SSE4	8160	2698	5397319
SSE4	8176	3320	6640524
SSE4	8192	2623	5246922
SSE4	8208	2611	5222083
SSE4	8224	2685	5371059
SSE4	8240	2774	5548278
SSE4	8256	2856	5712596
SSE4	8272	2785	5571627
SSE4	8288	2593	5186539
SSE4	8304	2581	5163184
SSE4	8320	2616	5232315
SSE4	8336	2503	5006471
SSE4	8352	2733	5466496
SSE4	8368	2554	5109641
SSE4	8384	2346	4693455
SSE4	8400	2428	4856981
SSE4	8416	2384	4769847
SSE4	8432	2456	4913162
SSE4	8448	2767	5534897
SSE4	8464	2405	4810600
SSE4	8480	2455	4910949
SSE4	8496	2477	4954355
SSE4	8512	2420	4841242
SSE4	8528	2443	4887334
SSE4	8544	2952	5904282
SSE4	8560	2447	4895188
SSE4	8576	2452	4905062
SSE4	8592	2512	5025577
SSE4	8608	2516	5033496
SSE4	8624	2411	4823770
SSE4	8640	2978	5957946
SSE4	8656	2520	5040797
SSE4	8672	2507	5014557
SSE4	8688	2486	4972632
SSE4	8704	2473	4946513
SSE4	8720	2522	5045949
SSE4	8736	2945	5890206
SSE4	8752	2468	4937216
SSE4	8768	2521	5042223
SSE4	8784	2435	4870109
SSE4	8800	2761	5523694
SSE4	8816	2502	5004178
SSE4	8832	2413	4827047
SSE4	8848	2532	5064393
SSE4	8864	2473	4946181
SSE4	8880	2487	4974118
SSE4	8896	2530	5061255
SSE4	8912	2534	5069448
SSE4	8928	2506	5012806
SSE4	8944	2545	5091864
SSE4	8960	2560	5120422
SSE4	8976	2653	5306226
SSE4	8992	2626	5253631
SSE4	9008	2597	5195406
SSE4	9024	2647	5294176
SSE4	9040	2634	5268206
SSE4	9056	2680	5360648
SSE4	9072	2697	5394046
SSE4	9088	2795	5591144
SSE4	9104	2686	5373267
SSE4	9120	2753	5506506
SSE4	9136	2742	5485438
SSE4	9152	2742	5484208
SSE4	9168	2717	5435319
SSE4	9184	3007	6014884
SSE4	9200	3038	6077368
SSE4	9216	3196	6392911
SSE4	9232	2958	5916575
SSE4	9248	2804	5608244
SSE4	9264	2838	5677747
SSE4	9280	2719	5439990
SSE4	9296	2717	5435724
SSE4	9312	2604	5208204
SSE4	9328	2926	5853848
SSE4	9344	2678	5357791
SSE4	9360	2674	5349567
SSE4	9376	2657	5314377
SSE4	9392	2705	5410292
SSE4	9408	2639	5278844
SSE4	9424	2707	5414029
SSE4	9440	2707	5414323
SSE4	9456	2696	5393401
SSE4	9472	2645	5291630
SSE4	9488	2624	5249162
SSE4	9504	2694	5388805
SSE4	9520	2666	5333896
SSE4	9536	2682	5365384
SSE4	9552	2750	5501101
SSE4	9568	2827	5655593
SSE4	9584	2787	5575921
SSE4	9600	2732	5464909
SSE4	9616	2850	5700011
SSE4	9632	2810	5621227
SSE4	9648	2737	5475039
SSE4	9664	3170	6341287
SSE4	9680	2760	5521790
SSE4	9696	3823	7646556
SSE4	9712	4028	8057838
SSE4	9728	3010	6021764
SSE4	9744	2936	5873919
SSE4	9760	2993	5987715
SSE4	9776	2885	5770140
SSE4	9792	2883	5767284
SSE4	9808	2873	5747312
SSE4	9824	2931	5863217
SSE4	9840	2876	5753051
SSE4	9856	3007	6015470
SSE4	9872	2877	5754653
SSE4	9888	2859	5718909
SSE4	9904	2874	5748344
SSE4	9920	2752	5504322
SSE4	9936	3094	6188735
SSE4	9952	2932	5864162
SSE4	9968	2834	5668945
SSE4	9984	2846	5692342
SSE4	10000	2854	5709589
SSE4	10016	2903	5807803
SSE4	10032	2860	5720868
SSE4	10048	2830	5660651
SSE4	10064	2981	5962670
SSE4	10080	2810	5620594
SSE4	10096	2910	5821640
SSE4	10112	2873	5747702
SSE4	10128	2860	5721316
SSE4	10144	2922	5845088
SSE4	10160	2823	5647393
SSE4	10176	2945	5891208
SSE4	10192	2944	5888872
SSE4	10208	3283	6566551
SSE4	10224	3334	6669217
SSE4	10240	3296	6592495
SSE4	10256	3289	6578482
SSE4	10272	3398	6796513
SSE4	10288	3404	6808856
SSE4	10304	3425	6851377
SSE4	10320	3388	6776536
SSE4	10336	3257	6515641
SSE4	10352	3261	6522502
SSE4	10368	3307	6615561
SSE4	10384	3172	6345551
SSE4	10400	3095	6191661
SSE4	10416	3001	6002509
SSE4	10432	3058	6116528
SSE4	10448	3021	6043247
SSE4	10464	3007	6015580
SSE4	10480	2958	5917216
SSE4	10496	3015	6030832
SSE4	10512	2995	5990394
SSE4	10528	2993	5986026
SSE4	10544	2996	5992007
SSE4	10560	3022	6044231
SSE4	10576	3106	6213953
SSE4	10592	3047	6094002
SSE4	10608	3012	6024566
SSE4	10624	3140	6281479
SSE4	10640	3026	6053320
SSE4	10656	3069	6139721
SSE4	10672	3019	6038650
SSE4	10688	3070	6140006
SSE4	10704	3137	6275921
SSE4	10720	3111	6222231
SSE4	10736	3058	6117985
SSE4	10752	3021	6042007
SSE4	10768	3075	6150340
SSE4	10784	3101	6203267
SSE4	10800	3061	6122269
SSE4	10816	2981	5962613
SSE4	10832	3094	6188329
SSE4	10848	3043	6086027
SSE4	10864	3023	6047035
SSE4	10880	2955	5911937
SSE4	10896	3085	6171018
SSE4	10912	3061	6122736
SSE4	10928	3061	6123942
SSE4	10944	3020	6041702
SSE4	10960	3123	6246297
SSE4	10976	3159	6318348
SSE4	10992	3100	6200846
SSE4	11008	3268	6536179
SSE4	11024	3252	6505262
SSE4	11040	3199	6398095
SSE4	11056	3168	6337383
SSE4	11072	3196	6393739
SSE4	11088	3210	6421805
SSE4	11104	3234	6469365
SSE4	11120	3240	6481060
SSE4	11136	3240	6481753
SSE4	11152	3336	6673475
SSE4	11168	3277	6554981
SSE4	11184	3528	7057324
SSE4	11200	3305	6610208
SSE4	11216	3254	6509672
SSE4	11232	3743	7486144
SSE4	11248	3757	7515147
SSE4	11264	3654	7308321
SSE4	11280	3577	7154912
SSE4	11296	3490	6981564
SSE4	11312	3437	6875794
SSE4	11328	3261	6522978
SSE4	11344	3235	6470934
SSE4	11360	3229	6459211
SSE4	11376	3195	6390753
SSE4	11392	3209	6419706
SSE4	11408	3216	6432968
SSE4	11424	3207	6414078
SSE4	11440	3249	6499676
SSE4	11456	3220	6440497
SSE4	11472	3329	6659420
SSE4	11488	3259	6518084
SSE4	11504	3230	6461553
SSE4	11520	3290	6580291
SSE4	11536	3175	6351559
SSE4	11552	3261	6522268
SSE4	11568	3281	6562343
SSE4	11584	3276	6552775
SSE4	11600	3257	6515838
SSE4	11616	3230	6460631
SSE4	11632	3277	6555375
SSE4	11648	3271	6543668
SSE4	11664	3320	6640617
SSE4	11680	3306	6612836
SSE4	11696	3285	6570871
SSE4	11712	3380	6761271
SSE4	11728	3361	6723202
SSE4	11744	3321	6642804
SSE4	11760	3330	6661429
SSE4	11776	3382	6764775
SSE4	11792	3404	6809421
SSE4	11808	3418	6837038
SSE4	11824	3455	6911091
SSE4	11840	3396	6792474
SSE4	11856	3386	6772326
SSE4	11872	3485	6970879
SSE4	11888	3387	6775095
SSE4	11904	3381	6762954
SSE4	11920	3445	6890113
SSE4	11936	3437	6874635
SSE4	11952	3431	6862912
SSE4	11968	3870	7741234
SSE4	11984	3447	6895729
SSE4	12000	3392	6784256
SSE4	12016	3549	7098568
SSE4	12032	3355	6711082
SSE4	12048	3426	6853532
SSE4	12064	3445	6890903
SSE4	12080	3494	6988643
SSE4	12096	3382	6764386
SSE4	12112	3448	6897274
SSE4	12128	3526	7052956
SSE4	12144	3409	6819844
SSE4	12160	3436	6872109
SSE4	12176	3430	6860696
SSE4	12192	3500	7001601
SSE4	12208	3502	7005131
SSE4	12224	3466	6932325
SSE4	12240	3455	6911302
SSE4	12256	4164	8328715
SSE4	12272	3992	7984389
SSE4	12288	4185	8370422
SSE4	12304	4002	8004375
SSE4	12320	4113	8227874
SSE4	12336	4169	8338830
SSE4	12352	4303	8607863
SSE4	12368	4694	9388992
SSE4	12384	3949	7899271
SSE4	12400	3861	7722571
SSE4	12416	3876	7753583
SSE4	12432	4004	8009553
SSE4	12448	3886	7773038
SSE4	12464	3680	7361197
SSE4	12480	3561	7122267
SSE4	12496	3592	7185372
SSE4	12512	3592	7185003
SSE4	12528	3479	6958114
SSE4	12544	4114	8228688
SSE4	12560	3970	7941142
SSE4	12576	3626	7252901
SSE4	12592	3581	7163615
SSE4	12608	4263	8526024
SSE4	12624	3602	7205322
SSE4	12640	3616	7232332
SSE4	12656	3546	7092235
SSE4	12672	3661	7323633
SSE4	12688	3625	7250939
SSE4	12704	3655	7310266
SSE4	12720	3563	7127070
SSE4	12736	3639	7278098
SSE4	12752	3647	7295294
SSE4	12768	3668	7337105
SSE4	12784	3596	7192316
SSE4	12800	4008	8017331
SSE4	12816	3633	7267671
SSE4	12832	3688	7376735
SSE4	12848	3654	7308351
SSE4	12864	3555	7111933
SSE4	12880	3706	7413331
SSE4	12896	3558	7117008
SSE4	12912	3598	7197293
SSE4	12928	3604	7209104
SSE4	12944	3585	7171112
SSE4	12960	3647	7295033
SSE4	12976	3661	7322328
SSE4	12992	3655	7311354
SSE4	13008	3741	7483433
SSE4	13024	3621	7243511
SSE4	13040	3688	7376533
SSE4	13056	3770	7540205
SSE4	13072	3760	7521430
SSE4	13088	3687	7374590
SSE4	13104	3694	7388915
SSE4	13120	3839	7679820
SSE4	13136	4074	8148336
SSE4	13152	3843	7687294
SSE4	13168	3798	7596282
SSE4	13184	5671	11343096
SSE4	13200	4218	8436952
SSE4	13216	3847	7695477
SSE4	13232	3922	7845888
SSE4	13248	3906	7813514
SSE4	13264	4291	8583383
SSE4	13280	4428	8856126
SSE4	13296	4384	8768920
SSE4	13312	4340	8681902
SSE4	13328	4214	8428638
SSE4	13344	4150	8301125
SSE4	13360	4036	8072528
SSE4	13376	3863	7726475
SSE4	13392	3768	7537991
SSE4	13408	3757	7514431
SSE4	13424	3813	7627238
SSE4	13440	3831	7662779
SSE4	13456	4228	8456292
SSE4	13472	3801	7602851
SSE4	13488	3824	7648748
SSE4	13504	3811	7622142
SSE4	13520	3795	7590017
SSE4	13536	3792	7584366
SSE4	13552	3796	7592285
SSE4	13568	3761	7523717
SSE4	13584	3864	7728840
SSE4	13600	3812	7625741
SSE4	13616	3783	7567771
SSE4	13632	3906	7812854
SSE4	13648	3830	7661294
SSE4	13664	3862	7725717
SSE4	13680	3808	7616645
SSE4	13696	3934	7869748
SSE4	13712	3935	7871231
SSE4	13728	3834	7669557
SSE4	13744	3892	7785633
SSE4	13760	3888	7777314
SSE4	13776	5872	11744045
SSE4	13792	3900	7801230
SSE4	13808	3988	7977082
SSE4	13824	3984	7968405
SSE4	13840	3961	7922236
SSE4	13856	3953	7907682
SSE4	13872	6178	12356088
SSE4	13888	3964	7928657
SSE4	13904	3928	7857221
SSE4	13920	3969	7939066
SSE4	13936	3985	7970091
SSE4	13952	4016	8032090
SSE4	13968	3939	7879301
SSE4	13984	4025	8050507
SSE4	14000	3994	7988810
SSE4	14016	3982	7964418
SSE4	14032	4000	8001534
SSE4	14048	3965	7930333
SSE4	14064	3993	7986537
SSE4	14080	3924	7849308
SSE4	14096	4388	8777669
SSE4	14112	4493	8987843
SSE4	14128	3992	7985173
SSE4	14144	4007	8015428
SSE4	14160	4008	8016198
SSE4	14176	3987	7975368
SSE4	14192	3915	7831283
SSE4	14208	4027	8055501
SSE4	14224	4005	8011628
SSE4	14240	4091	8183894
SSE4	14256	4059	8118900
SSE4	14272	4034	8068184
SSE4	14288	4147	8294781
SSE4	14304	4662	9324952
SSE4	14320	4622	9244566
SSE4	14336	4559	9118429
SSE4	14352	4655	9310995
SSE4	14368	4590	9180972
SSE4	14384	4802	9605196
SSE4	14400	4792	9585659
SSE4	14416	4690	9381031
SSE4	14432	4635	9270854
SSE4	14448	4534	9068063
SSE4	14464	4502	9004635
SSE4	14480	4500	9000273
SSE4	14496	4192	8384938
SSE4	14512	4148	8296703
SSE4	14528	3954	7909770
SSE4	14544	4648	9297288
SSE4	14560	4096	8193435
SSE4	14576	4096	8192223
SSE4	14592	4117	8235398
SSE4	14608	4167	8335659
SSE4	14624	4161	8322562
SSE4	14640	4057	8115824
SSE4	14656	4120	8241451
SSE4	14672	4109	8218778
SSE4	14688	4100	8200709
SSE4	14704	4136	8272392
SSE4	14720	4196	8392206
SSE4	14736	4201	8402966
SSE4	14752	4090	8180782
SSE4	14768	4326	8652860
SSE4	14784	4271	8543196
SSE4	14800	4212	8425467
SSE4	14816	4226	8452270
SSE4	14832	4425	8851919
SSE4	14848	4171	8342868
SSE4	14864	4182	8365219
SSE4	14880	4280	8560398
SSE4	14896	4137	8275693
SSE4	14912	4151	8302269
SSE4	14928	4406	8813646
SSE4	14944	4161	8323575
SSE4	14960	4077	8155380
SSE4	14976	4150	8300621
SSE4	14992	4112	8225316
SSE4	15008	6443	12887877
SSE4	15024	4213	8426659
SSE4	15040	4095	8190015
SSE4	15056	4285	8570123
SSE4	15072	4193	8387713
SSE4	15088	4217	8435054
SSE4	15104	4288	8577745
SSE4	15120	4196	8392322
SSE4	15136	4315	8630098
SSE4	15152	4785	9570652
SSE4	15168	4345	8690219
SSE4	15184	4431	8863409
SSE4	15200	4377	8754138
SSE4	15216	4354	8709465
SSE4	15232	4378	8756146
SSE4	15248	4369	8738443
SSE4	15264	4412	8825745
SSE4	15280	4441	8882810
SSE4	15296	4421	8842289
SSE4	15312	4538	9076395
SSE4	15328	5062	10124079
SSE4	15344	4995	9990481
SSE4	15360	4938	9877403
SSE4	15376	4877	9755429
SSE4	15392	6943	13886334
SSE4	15408	4723	9447604
SSE4	15424	4410	8820085
SSE4	15440	4365	8731082
SSE4	15456	4374	8748656
SSE4	15472	4316	8632737
SSE4	15488	4327	8654277
SSE4	15504	4439	8879772
SSE4	15520	4345	8691952
SSE4	15536	4311	8623300
SSE4	15552	4335	8671368
SSE4	15568	4247	8494146
SSE4	15584	4271	8542444
SSE4	15600	4513	9026720
SSE4	15616	4416	8833977
SSE4	15632	4758	9517892
SSE4	15648	4476	8952718
SSE4	15664	4427	8854916
SSE4	15680	4307	8614448
SSE4	15696	4464	8929220
SSE4	15712	4455	8911593
SSE4	15728	4370	8740805
SSE4	15744	4359	8718947
SSE4	15760	4507	9015038
SSE4	15776	4372	8744046
SSE4	15792	4364	8729682
SSE4	15808	4673	9346415
SSE4	15824	4601	9202654
SSE4	15840	4438	8877793
SSE4	15856	4459	8918048
SSE4	15872	4447	8895108
SSE4	15888	4518	9036458
SSE4	15904	4630	9261295
SSE4	15920	4445	8890378
SSE4	15936	4425	8851996
SSE4	15952	4547	9095960
SSE4	15968	4474	8949381
SSE4	15984	4521	9042723
SSE4	16000	4518	9037802
