AVX2	16	2	5141
AVX2	32	7	15247
AVX2	48	9	18336
AVX2	64	14	28865
AVX2	80	17	34023
AVX2	96	17	35656
AVX2	112	20	40424
AVX2	128	19	39728
AVX2	144	36	72614
AVX2	160	30	60091
AVX2	176	32	65702
AVX2	192	37	74345
AVX2	208	39	79699
AVX2	224	42	85300
AVX2	240	45	90678
AVX2	256	48	96745
AVX2	272	53	107219
AVX2	288	56	113999
AVX2	304	59	119419
AVX2	320	48	97984
AVX2	336	38	76434
AVX2	352	67	135938
AVX2	368	70	140746
AVX2	384	58	116420
AVX2	400	51	103462
AVX2	416	55	111952
AVX2	432	68	136520
AVX2	448	77	155854
AVX2	464	66	133705
AVX2	480	83	167806
AVX2	496	55	111022
AVX2	512	59	118518
AVX2	528	73	147963
AVX2	544	76	152598
AVX2	560	77	155899
AVX2	576	129	259822
AVX2	592	133	267924
AVX2	608	135	270806
AVX2	624	138	277724
AVX2	640	141	282558
AVX2	656	144	288149
AVX2	672	121	242948
AVX2	688	113	226896
AVX2	704	131	263376
AVX2	720	122	245756
AVX2	736	119	238315
AVX2	752	152	305952
AVX2	768	101	202054
AVX2	784	102	204943
AVX2	800	104	208927
AVX2	816	105	210555
AVX2	832	175	350124
AVX2	848	178	356715
AVX2	864	181	362440
AVX2	880	183	367749
AVX2	896	177	354645
AVX2	912	165	331856
AVX2	928	125	250967
AVX2	944	119	239783
AVX2	960	122	244665
AVX2	976	122	245749
AVX2	992	133	267610
AVX2	1008	140	280119
AVX2	1024	182	365696
AVX2	1040	169	338092
AVX2	1056	160	321187
AVX2	1072	137	274084
AVX2	1088	142	285830
AVX2	1104	137	274560
AVX2	1120	139	279249
AVX2	1136	156	312231
AVX2	1152	147	295076
AVX2	1168	154	308948
AVX2	1184	153	306723
AVX2	1200	147	295907
AVX2	1216	150	300185
AVX2	1232	152	304283
AVX2	1248	153	306922
AVX2	1264	155	310001
AVX2	1280	156	313640
AVX2	1296	171	342814
AVX2	1312	177	355616
AVX2	1328	179	358361
AVX2	1344	209	419531
AVX2	1360	183	367395
AVX2	1376	167	334802
AVX2	1392	169	338068
AVX2	1408	170	341450
AVX2	1424	172	345853
AVX2	1440	174	349006
AVX2	1456	176	352227
AVX2	1472	229	459900
AVX2	1488	265	530960
AVX2	1504	181	362494
AVX2	1520	212	425743
AVX2	1536	239	478812
AVX2	1552	299	599939
AVX2	1568	189	378720
AVX2	1584	190	380768
AVX2	1600	283	567012
AVX2	1616	240	481028
AVX2	1632	202	404606
AVX2	1648	278	556432
AVX2	1664	246	493852
AVX2	1680	201	402358
AVX2	1696	209	418933
AVX2	1712	204	408586
AVX2	1728	227	455676
AVX2	1744	215	430171
AVX2	1760	209	419702
AVX2	1776	312	624144
AVX2	1792	261	523737
AVX2	1808	291	582900
AVX2	1824	256	513207
AVX2	1840	218	436182
AVX2	1856	219	439584
AVX2	1872	222	444342
AVX2	1888	223	446252
AVX2	1904	242	485067
AVX2	1920	227	454542
AVX2	1936	228	457003
AVX2	1952	230	461288
AVX2	1968	239	478552
AVX2	1984	315	630828
AVX2	2000	261	522357
AVX2	2016	268	537579
AVX2	2032	267	535326
AVX2	2048	276	553514
AVX2	2064	295	591553
AVX2	2080	279	559312
AVX2	2096	270	540835
AVX2	2112	325	650588
AVX2	2128	267	534144
AVX2	2144	270	541748
AVX2	2160	309	619638
AVX2	2176	267	535859
AVX2	2192	265	530002
AVX2	2208	262	525904
AVX2	2224	262	525140
AVX2	2240	263	526460
AVX2	2256	264	529761
AVX2	2272	273	546160
AVX2	2288	268	536022
AVX2	2304	269	539751
AVX2	2320	278	556697
AVX2	2336	273	547430
AVX2	2352	275	551681
AVX2	2368	283	567355
AVX2	2384	279	559618
AVX2	2400	280	560607
AVX2	2416	289	578538
AVX2	2432	284	568987
AVX2	2448	301	603817
AVX2	2464	288	576882
AVX2	2480	289	579901
AVX2	2496	298	596996
AVX2	2512	292	585802
AVX2	2528	294	589962
AVX2	2544	296	593112
AVX2	2560	305	610732
AVX2	2576	300	600677
AVX2	2592	302	604641
AVX2	2608	303	607943
AVX2	2624	305	611942
AVX2	2640	353	707410
AVX2	2656	308	617822
AVX2	2672	317	635167
AVX2	2688	313	626763
AVX2	2704	316	632062
AVX2	2720	356	712261
AVX2	2736	319	638364
AVX2	2752	320	641629
AVX2	2768	322	645480
AVX2	2784	354	708820
AVX2	2800	365	731791
AVX2	2816	328	656291
AVX2	2832	330	660216
AVX2	2848	332	665401
AVX2	2864	333	667267
AVX2	2880	374	749338
AVX2	2896	338	676505
AVX2	2912	338	676930
AVX2	2928	341	682023
AVX2	2944	342	684552
AVX2	2960	344	688762
AVX2	2976	345	691912
AVX2	2992	347	695522
AVX2	3008	349	698859
AVX2	3024	350	700021
AVX2	3040	379	759515
AVX2	3056	382	765791
AVX2	3072	380	761580
AVX2	3088	382	764267
AVX2	3104	384	768325
AVX2	3120	377	754157
AVX2	3136	371	742560
AVX2	3152	364	729269
AVX2	3168	366	733120
AVX2	3184	367	735708
AVX2	3200	389	779714
AVX2	3216	417	834153
AVX2	3232	379	758368
AVX2	3248	375	750734
AVX2	3264	382	765672
AVX2	3280	418	837954
AVX2	3296	386	773867
AVX2	3312	382	765214
AVX2	3328	383	767633
AVX2	3344	426	853245
AVX2	3360	387	775151
AVX2	3376	390	780404
AVX2	3392	392	784549
AVX2	3408	393	787037
AVX2	3424	395	791856
AVX2	3440	397	795662
AVX2	3456	447	895327
AVX2	3472	400	801165
AVX2	3488	441	883712
AVX2	3504	464	928384
AVX2	3520	450	901212
AVX2	3536	452	905430
AVX2	3552	709	1419470
AVX2	3568	732	1464635
AVX2	3584	648	1297926
AVX2	3600	668	1336255
AVX2	3616	439	879374
AVX2	3632	495	991903
AVX2	3648	420	840340
AVX2	3664	421	843924
AVX2	3680	424	848423
AVX2	3696	425	851457
AVX2	3712	427	854984
AVX2	3728	429	858458
AVX2	3744	478	957398
AVX2	3760	467	935679
AVX2	3776	478	957513
AVX2	3792	436	873172
AVX2	3808	717	1434764
AVX2	3824	717	1435047
AVX2	3840	616	1233146
AVX2	3856	443	886805
AVX2	3872	445	890691
AVX2	3888	446	893811
AVX2	3904	463	926836
AVX2	3920	481	962880
AVX2	3936	505	1011391
AVX2	3952	485	970223
AVX2	3968	500	1001306
AVX2	3984	457	914383
AVX2	4000	459	919072
AVX2	4016	460	921084
AVX2	4032	494	989233
AVX2	4048	496	992903
AVX2	4064	554	1108260
AVX2	4080	591	1183544
AVX2	4096	528	1056628
AVX2	4112	513	1027883
AVX2	4128	516	1032174
AVX2	4144	508	1017711
AVX2	4160	507	1015043
AVX2	4176	511	1022893
AVX2	4192	517	1035745
AVX2	4208	519	1039441
AVX2	4224	505	1011997
AVX2	4240	497	995229
AVX2	4256	494	988850
AVX2	4272	490	980153
AVX2	4288	491	983712
AVX2	4304	567	1134473
AVX2	4320	495	991390
AVX2	4336	497	994835
AVX2	4352	498	996067
AVX2	4368	499	999677
AVX2	4384	501	1003312
AVX2	4400	516	1033933
AVX2	4416	505	1011177
AVX2	4432	507	1014377
AVX2	4448	562	1125222
AVX2	4464	510	1021515
AVX2	4480	566	1133428
AVX2	4496	518	1037783
AVX2	4512	594	1189607
AVX2	4528	517	1035576
AVX2	4544	519	1039281
AVX2	4560	522	1044611
AVX2	4576	528	1056825
AVX2	4592	524	1049351
AVX2	4608	526	1053606
AVX2	4624	527	1055642
AVX2	4640	530	1061284
AVX2	4656	531	1062241
AVX2	4672	575	1151120
AVX2	4688	535	1070528
AVX2	4704	593	1187979
AVX2	4720	537	1075930
AVX2	4736	542	1084895
AVX2	4752	586	1172511
AVX2	4768	544	1089269
AVX2	4784	607	1214030
AVX2	4800	703	1406876
AVX2	4816	589	1179881
AVX2	4832	589	1179191
AVX2	4848	612	1224893
AVX2	4864	555	1111715
AVX2	4880	559	1118488
AVX2	4896	643	1286831
AVX2	4912	561	1122291
AVX2	4928	607	1215484
AVX2	4944	564	1129345
AVX2	4960	566	1133612
AVX2	4976	567	1135371
AVX2	4992	631	1262800
AVX2	5008	611	1222554
AVX2	5024	574	1148811
AVX2	5040	576	1152335
AVX2	5056	579	1158111
AVX2	5072	703	1407420
AVX2	5088	630	1261359
AVX2	5104	620	1241864
AVX2	5120	623	1246187
AVX2	5136	655	1311138
AVX2	5152	667	1335532
AVX2	5168	607	1215103
AVX2	5184	594	1188782
AVX2	5200	649	1298181
AVX2	5216	595	1190889
AVX2	5232	596	1193522
AVX2	5248	741	1482716
AVX2	5264	600	1200912
AVX2	5280	602	1204531
AVX2	5296	647	1295816
AVX2	5312	606	1212812
AVX2	5328	607	1214334
AVX2	5344	654	1309963
AVX2	5360	611	1222787
AVX2	5376	611	1223248
AVX2	5392	614	1228635
AVX2	5408	637	1275220
AVX2	5424	618	1237017
AVX2	5440	729	1458368
AVX2	5456	627	1255232
AVX2	5472	650	1300367
AVX2	5488	681	1363345
AVX2	5504	639	1278704
AVX2	5520	646	1292093
AVX2	5536	653	1306415
AVX2	5552	754	1508740
AVX2	5568	660	1320601
AVX2	5584	668	1336872
AVX2	5600	672	1344203
AVX2	5616	675	1351822
AVX2	5632	682	1364691
AVX2	5648	697	1395552
AVX2	5664	710	1420060
AVX2	5680	1045	2091800
AVX2	5696	816	1633927
AVX2	5712	775	1551005
AVX2	5728	851	1702245
AVX2	5744	847	1694853
AVX2	5760	880	1760200
AVX2	5776	901	1802130
AVX2	5792	913	1826783
AVX2	5808	948	1896725
AVX2	5824	1016	2032410
AVX2	5840	1002	2005842
AVX2	5856	1036	2073329
AVX2	5872	1101	2203902
AVX2	5888	1089	2179145
AVX2	5904	1147	2295826
AVX2	5920	1158	2316232
AVX2	5936	1180	2361352
AVX2	5952	1161	2322540
AVX2	5968	1125	2251906
AVX2	5984	1126	2253246
AVX2	6000	1112	2225419
AVX2	6016	1108	2216217
AVX2	6032	1133	2267592
AVX2	6048	1119	2239272
AVX2	6064	1155	2311819
AVX2	6080	1138	2276171
AVX2	6096	1222	2444714
AVX2	6112	1210	2420047
AVX2	6128	1200	2401624
AVX2	6144	1571	3142916
AVX2	6160	1257	2515065
AVX2	6176	1273	2547920
AVX2	6192	1390	2780093
AVX2	6208	1394	2788575
AVX2	6224	1472	2945384
AVX2	6240	1567	3134275
AVX2	6256	1624	3249141
AVX2	6272	1733	3466888
AVX2	6288	1705	3411889
AVX2	6304	1664	3329191
AVX2	6320	1719	3438317
AVX2	6336	1508	3016612
AVX2	6352	1482	2964309
AVX2	6368	1472	2945440
AVX2	6384	1469	2938193
AVX2	6400	1527	3054141
AVX2	6416	1454	2908835
AVX2	6432	1505	3010675
AVX2	6448	1534	3068110
AVX2	6464	1617	3234204
AVX2	6480	1726	3453789
AVX2	6496	1792	3584568
AVX2	6512	1820	3640554
AVX2	6528	1861	3723699
AVX2	6544	1820	3641266
AVX2	6560	1803	3607781
AVX2	6576	1782	3564065
AVX2	6592	1769	3539304
AVX2	6608	1843	3686281
AVX2	6624	1834	3668495
AVX2	6640	1714	3429807
AVX2	6656	1721	3442287
AVX2	6672	1722	3444177
AVX2	6688	1740	3480612
AVX2	6704	1747	3494870
AVX2	6720	1789	3578227
AVX2	6736	1770	3541337
AVX2	6752	1817	3634473
AVX2	6768	1820	3640719
AVX2	6784	1829	3659998
AVX2	6800	1843	3687192
AVX2	6816	1829	3659475
AVX2	6832	1861	3723872
AVX2	6848	1834	3668351
AVX2	6864	1870	3740464
AVX2	6880	1905	3810774
AVX2	6896	1858	3717319
AVX2	6912	1868	3736943
AVX2	6928	1887	3774914
AVX2	6944	1881	3763041
AVX2	6960	1879	3758162
AVX2	6976	1891	3782962
AVX2	6992	1911	3822086
AVX2	7008	1922	3844378
AVX2	7024	1930	3860753
AVX2	7040	1934	3868776
AVX2	7056	2169	4338201
AVX2	7072	2006	4012360
AVX2	7088	1983	3967888
AVX2	7104	2009	4018548
AVX2	7120	1994	3989300
AVX2	7136	2024	4048214
AVX2	7152	2032	4065993
AVX2	7168	1950	3901824
AVX2	7184	2162	4324748
AVX2	7200	2029	4058377
AVX2	7216	2046	4092091
AVX2	7232	1999	3998681
AVX2	7248	2068	4137687
AVX2	7264	2031	4063114
AVX2	7280	2080	4160458
AVX2	7296	2076	4152295
AVX2	7312	2083	4167107
AVX2	7328	2123	4246801
AVX2	7344	2102	4205668
AVX2	7360	2148	4296314
AVX2	7376	2088	4177136
AVX2	7392	2184	4369427
AVX2	7408	2158	4316351
AVX2	7424	2110	4221181
AVX2	7440	2063	4127136
AVX2	7456	2084	4168451
AVX2	7472	2079	4159566
AVX2	7488	2101	4202043
AVX2	7504	2170	4340167
AVX2	7520	2057	4114490
AVX2	7536	2189	4378716
AVX2	7552	2096	4193461
AVX2	7568	2122	4244808
AVX2	7584	2127	4255947
AVX2	7600	2143	4286158
AVX2	7616	2144	4289997
AVX2	7632	2190	4380088
AVX2	7648	2190	4381574
AVX2	7664	2114	4228973
AVX2	7680	2152	4305217
AVX2	7696	2152	4304629
AVX2	7712	2110	4221081
AVX2	7728	2158	4317355
AVX2	7744	2242	4484765
AVX2	7760	2240	4480956
AVX2	7776	2277	4555798
AVX2	7792	2205	4410967
AVX2	7808	2205	4411181
AVX2	7824	2213	4427473
AVX2	7840	2228	4456160
AVX2	7856	2225	4450209
AVX2	7872	2196	4392342
AVX2	7888	2204	4409449
AVX2	7904	2206	4412581
AVX2	7920	2197	4395729
AVX2	7936	2190	4380468
AVX2	7952	2268	4537464
AVX2	7968	2179	4359127
AVX2	7984	2240	4481193
AVX2	8000	2220	4441157
AVX2	8016	2276	4553281
AVX2	8032	2224	4448573
AVX2	8048	2274	4548077
AVX2	8064	2277	4554014
AVX2	8080	2154	4308830
AVX2	8096	2229	4459116
AVX2	8112	2247	4494616
AVX2	8128	2206	4412218
AVX2	8144	2252	4505138
AVX2	8160	2244	4489514
AVX2	8176	2188	4376548
AVX2	8192	2272	4544191
AVX2	8208	2190	4381597
AVX2	8224	2264	4529723
AVX2	8240	2295	4590405
AVX2	8256	2382	4765650
AVX2	8272	2276	4553762
AVX2	8288	2299	4598298
AVX2	8304	2295	4590694
AVX2	8320	2376	4753281
AVX2	8336	2313	4626619
AVX2	8352	2327	4655751
AVX2	8368	2337	4674503
AVX2	8384	2358	4717639
AVX2	8400	2446	4893966
AVX2	8416	2573	5147538
AVX2	8432	2634	5268557
AVX2	8448	2423	4847223
AVX2	8464	2425	4850227
AVX2	8480	2617	5235565
AVX2	8496	2253	4506367
AVX2	8512	2345	4691963
AVX2	8528	2447	4895928
AVX2	8544	2436	4872572
AVX2	8560	2295	4591573
AVX2	8576	2398	4796349
AVX2	8592	2345	4690186
AVX2	8608	2406	4812514
AVX2	8624	2457	4915830
AVX2	8640	2507	5015266
AVX2	8656	2614	5228485
AVX2	8672	2540	5080617
AVX2	8688	2635	5270673
AVX2	8704	2595	5191059
AVX2	8720	2612	5224024
AVX2	8736	2425	4851092
AVX2	8752	2461	4923562
AVX2	8768	2470	4940248
AVX2	8784	2431	4862618
AVX2	8800	2388	4777493
AVX2	8816	2418	4837317
AVX2	8832	2368	4737967
AVX2	8848	2376	4753484
AVX2	8864	2453	4907374
AVX2	8880	2433	4866959
AVX2	8896	2499	4999348
AVX2	8912	2500	5000769
AVX2	8928	2453	4906372
AVX2	8944	2471	4943316
AVX2	8960	2494	4989442
AVX2	8976	2460	4921735
AVX2	8992	2490	4980711
AVX2	9008	2490	4981048
AVX2	9024	2474	4949562
AVX2	9040	2410	4820831
AVX2	9056	2515	5031021
AVX2	9072	2520	5041462
AVX2	9088	2542	5085820
AVX2	9104	2554	5109173
AVX2	9120	2538	5077904
AVX2	9136	2465	4931781
AVX2	9152	2564	5128070
AVX2	9168	2615	5230686
AVX2	9184	2572	5145064
AVX2	9200	2555	5111832
AVX2	9216	2564	5128986
AVX2	9232	2592	5184228
AVX2	9248	2602	5205497
AVX2	9264	2624	5248499
AVX2	9280	2595	5190387
AVX2	9296	2636	5273463
AVX2	9312	2642	5285087
AVX2	9328	2622	5244343
AVX2	9344	2642	5284296
AVX2	9360	2584	5168307
AVX2	9376	2678	5357542
AVX2	9392	2638	5277958
AVX2	9408	2689	5379724
AVX2	9424	2698	5396218
AVX2	9440	2762	5524676
AVX2	9456	2825	5651892
AVX2	9472	2574	5148222
AVX2	9488	2518	5037947
AVX2	9504	2631	5263731
AVX2	9520	2703	5406948
AVX2	9536	2693	5387280
AVX2	9552	2574	5149640
AVX2	9568	2665	5331646
AVX2	9584	2740	5481880
AVX2	9600	2701	5403435
AVX2	9616	2701	5403766
AVX2	9632	2780	5561188
AVX2	9648	2670	5340881
AVX2	9664	2755	5510708
AVX2	9680	2702	5404470
AVX2	9696	2735	5470753
AVX2	9712	2741	5482814
AVX2	9728	2701	5402655
AVX2	9744	2755	5511623
AVX2	9760	2732	5464826
AVX2	9776	2762	5524976
AVX2	9792	3501	7002757
AVX2	9808	2798	5596908
AVX2	9824	2776	5552240
AVX2	9840	2766	5532125
AVX2	9856	2784	5568246
AVX2	9872	2794	5588948
AVX2	9888	2807	5614098
AVX2	9904	2716	5432419
AVX2	9920	2757	5515845
AVX2	9936	2855	5711287
AVX2	9952	2793	5587468
AVX2	9968	2846	5693583
AVX2	9984	2805	5611442
AVX2	10000	2816	5632685
AVX2	10016	2792	5585538
AVX2	10032	2809	5618490
AVX2	10048	2728	5456152
AVX2	10064	2773	5547701
AVX2	10080	2748	5496115
AVX2	10096	2875	5750448
AVX2	10112	2787	5575859
AVX2	10128	2829	5658441
AVX2	10144	2813	5627393
AVX2	10160	2806	5613430
AVX2	10176	2720	5441134
AVX2	10192	2837	5675684
AVX2	10208	2830	5661433
AVX2	10224	2839	5679036
AVX2	10240	3127	6255850
AVX2	10256	2869	5739439
AVX2	10272	2836	5673591
AVX2	10288	2879	5758941
AVX2	10304	2849	5699307
AVX2	10320	2877	5755690
AVX2	10336	2876	5752885
AVX2	10352	2907	5815971
AVX2	10368	2834	5669509
AVX2	10384	2930	5861472
AVX2	10400	2863	5727499
AVX2	10416	2880	5760444
AVX2	10432	2852	5704798
AVX2	10448	2991	5982716
AVX2	10464	3242	6485298
AVX2	10480	3283	6566349
AVX2	10496	3024	6048034
AVX2	10512	2970	5941196
AVX2	10528	2941	5883634
AVX2	10544	2920	5841561
AVX2	10560	3002	6004496
AVX2	10576	2952	5904597
AVX2	10592	2888	5776645
AVX2	10608	2972	5945840
AVX2	10624	2980	5961913
AVX2	10640	2879	5759933
AVX2	10656	2985	5971112
AVX2	10672	3041	6083147
AVX2	10688	3191	6383812
AVX2	10704	3194	6389665
AVX2	10720	3237	6475266
AVX2	10736	3359	6718498
AVX2	10752	3187	6374311
AVX2	10768	3231	6462186
AVX2	10784	3125	6251381
AVX2	10800	3118	6237005
AVX2	10816	2987	5975064
AVX2	10832	3034	6069516
AVX2	10848	2977	5954817
AVX2	10864	3049	6099986
AVX2	10880	2984	5968539
AVX2	10896	3020	6040754
AVX2	10912	2984	5968792
AVX2	10928	2976	5953882
AVX2	10944	3040	6081667
AVX2	10960	2979	5958205
AVX2	10976	3017	6035129
AVX2	10992	3037	6075588
AVX2	11008	3019	6039090
AVX2	11024	3032	6065447
AVX2	11040	3036	6073888
AVX2	11056	3045	6090965
AVX2	11072	3051	6102518
AVX2	11088	3114	6229318
AVX2	11104	3053	6107828
AVX2	11120	3070	6140942
AVX2	11136	3069	6138624
AVX2	11152	3074	6148017
AVX2	11168	3037	6074093
AVX2	11184	3133	6266820
AVX2	11200	3131	6263958
AVX2	11216	3134	6268686
AVX2	11232	6492	12985102
AVX2	11248	7012	14024821
AVX2	11264	3139	6278598
AVX2	11280	3183	6367278
AVX2	11296	3152	6305790
AVX2	11312	3074	6148825
AVX2	11328	3219	6438578
AVX2	11344	3187	6375352
AVX2	11360	3123	6247862
AVX2	11376	3240	6481247
AVX2	11392	3097	6194311
AVX2	11408	3246	6492812
AVX2	11424	3182	6365810
AVX2	11440	3181	6362554
AVX2	11456	3212	6424882
AVX2	11472	3303	6607049
AVX2	11488	3422	6845416
AVX2	11504	3370	6741607
AVX2	11520	3155	6310010
AVX2	11536	3237	6474318
AVX2	11552	3184	6369905
AVX2	11568	3232	6465211
AVX2	11584	5195	10390838
AVX2	11600	3196	6393189
AVX2	11616	3313	6626738
AVX2	11632	3211	6422054
AVX2	11648	3201	6402840
AVX2	11664	3277	6554702
AVX2	11680	3271	6543941
AVX2	11696	3172	6344924
AVX2	11712	3268	6536873
AVX2	11728	3317	6635577
AVX2	11744	3288	6576086
AVX2	11760	3219	6438518
AVX2	11776	3172	6344850
AVX2	11792	3281	6563847
AVX2	11808	3351	6703088
AVX2	11824	3290	6581474
AVX2	11840	3321	6642249
AVX2	11856	3377	6755751
AVX2	11872	3287	6574059
AVX2	11888	3355	6711952
AVX2	11904	3345	6690207
AVX2	11920	3314	6628009
AVX2	11936	3362	6724497
AVX2	11952	3260	6521067
AVX2	11968	3317	6634501
AVX2	11984	3338	6676883
AVX2	12000	3267	6534440
AVX2	12016	3335	6670762
AVX2	12032	3328	6656464
AVX2	12048	3346	6693131
AVX2	12064	3354	6709691
AVX2	12080	3310	6621971
AVX2	12096	3401	6802227
AVX2	12112	3289	6578689
AVX2	12128	3324	6649391
AVX2	12144	3218	6437517
AVX2	12160	3362	6724821
AVX2	12176	3361	6722563
AVX2	12192	5269	10538070
AVX2	12208	3347	6695154
AVX2	12224	3403	6806996
AVX2	12240	4350	8700951
AVX2	12256	3365	6731855
AVX2	12272	3423	6846234
AVX2	12288	3407	6814989
AVX2	12304	3396	6793289
AVX2	12320	4283	8566586
AVX2	12336	3477	6954584
AVX2	12352	3444	6889961
AVX2	12368	3384	6768204
AVX2	12384	3486	6973337
AVX2	12400	3460	6920549
AVX2	12416	3413	6826667
AVX2	12432	3442	6885985
AVX2	12448	3382	6764835
AVX2	12464	3441	6883237
AVX2	12480	3461	6922508
AVX2	12496	3589	7179265
AVX2	12512	3859	7718524
AVX2	12528	3920	7841458
AVX2	12544	3685	7371398
AVX2	12560	3537	7075094
AVX2	12576	3404	6808643
AVX2	12592	3527	7054506
AVX2	12608	3518	7037811
AVX2	12624	3503	7007116
AVX2	12640	3553	7107152
AVX2	12656	3561	7123665
AVX2	12672	3410	6821479
AVX2	12688	3422	6845253
AVX2	12704	3513	7026121
AVX2	12720	3622	7244010
AVX2	12736	3762	7525024
AVX2	12752	3695	7391955
AVX2	12768	3862	7725462
AVX2	12784	4004	8008407
AVX2	12800	3933	7866245
AVX2	12816	3864	7729568
AVX2	12832	3747	7494142
AVX2	12848	3633	7266025
AVX2	12864	3616	7233239
AVX2	12880	3654	7308728
AVX2	12896	3588	7177557
AVX2	12912	3539	7079235
AVX2	12928	3427	6855439
AVX2	12944	3434	6869360
AVX2	12960	3519	7038188
AVX2	12976	3317	6634552
AVX2	12992	3552	7105497
AVX2	13008	3555	7111229
AVX2	13024	3560	7120901
AVX2	13040	3545	7090503
AVX2	13056	3698	7397261
AVX2	13072	3518	7037946
AVX2	13088	3585	7170551
AVX2	13104	3594	7189042
AVX2	13120	3444	6889587
AVX2	13136	3630	7261533
AVX2	13152	5190	10381573
AVX2	13168	3619	7238076
AVX2	13184	5994	11988966
AVX2	13200	3656	7312317
AVX2	13216	3713	7426450
AVX2	13232	3615	7231428
AVX2	13248	3594	7188887
AVX2	13264	3692	7384942
AVX2	13280	3994	7988013
AVX2	13296	3709	7419131
AVX2	13312	3679	7359028
AVX2	13328	4925	9850334
AVX2	13344	5017	10034626
AVX2	13360	3705	7410211
AVX2	13376	4253	8507405
AVX2	13392	3651	7303632
AVX2	13408	3748	7496792
AVX2	13424	3787	7574305
AVX2	13440	3716	7432657
AVX2	13456	3770	7540303
AVX2	13472	3777	7554777
AVX2	13488	3857	7714568
AVX2	13504	3754	7508735
AVX2	13520	3909	7819689
AVX2	13536	4482	8965907
AVX2	13552	4103	8207094
AVX2	13568	3791	7582138
AVX2	13584	3733	7467352
AVX2	13600	3781	7562182
AVX2	13616	3685	7370528
AVX2	13632	3831	7662729
AVX2	13648	3795	7590057
AVX2	13664	3834	7668746
AVX2	13680	3893	7787350
AVX2	13696	3831	7662369
AVX2	13712	3819	7639403
AVX2	13728	3757	7515640
AVX2	13744	3827	7655755
AVX2	13760	3880	7760780
AVX2	13776	3832	7665986
AVX2	13792	3889	7779369
AVX2	13808	3866	7732445
AVX2	13824	3873	7747144
AVX2	13840	3838	7676653
AVX2	13856	3851	7702965
AVX2	13872	4017	8034070
AVX2	13888	3858	7717472
AVX2	13904	3906	7812191
AVX2	13920	3934	7869709
AVX2	13936	3902	7805845
AVX2	13952	4280	8560520
AVX2	13968	3900	7800534
AVX2	13984	3883	7766774
AVX2	14000	3848	7697753
AVX2	14016	3821	7642000
AVX2	14032	3840	7681725
AVX2	14048	3956	7912213
AVX2	14064	3875	7751411
AVX2	14080	3870	7741463
AVX2	14096	3946	7892581
AVX2	14112	3918	7837175
AVX2	14128	3869	7738991
AVX2	14144	3925	7850511
AVX2	14160	3878	7756290
AVX2	14176	4018	8037215
AVX2	14192	3929	7859963
AVX2	14208	3935	7871408
AVX2	14224	3904	7809530
AVX2	14240	3694	7389387
AVX2	14256	4286	8573639
AVX2	14272	3953	7907801
AVX2	14288	3956	7913205
AVX2	14304	4000	8001284
AVX2	14320	4004	8009024
AVX2	14336	3837	7675262
AVX2	14352	4068	8137795
AVX2	14368	3941	7883628
AVX2	14384	3938	7877569
AVX2	14400	3859	7718354
AVX2	14416	4088	8177035
AVX2	14432	3843	7686563
AVX2	14448	3921	7843254
AVX2	14464	3956	7913488
AVX2	14480	3971	7943500
AVX2	14496	4086	8173660
AVX2	14512	4057	8114315
AVX2	14528	4018	8037703
AVX2	14544	4432	8864378
AVX2	14560	4508	9016589
AVX2	14576	4562	9124517
AVX2	14592	4148	8296459
AVX2	14608	5763	11527092
AVX2	14624	3971	7942207
AVX2	14640	3939	7879358
AVX2	14656	3925	7851792
AVX2	14672	4007	8015467
AVX2	14688	4031	8063135
AVX2	14704	4011	8022100
AVX2	14720	4136	8273535
AVX2	14736	4119	8238862
AVX2	14752	4177	8355788
AVX2	14768	4161	8322704
AVX2	14784	4136	8272211
AVX2	14800	4308	8616849
AVX2	14816	4517	9035713
AVX2	14832	4682	9364077
AVX2	14848	4563	9127331
AVX2	14864	4440	8880691
AVX2	14880	4425	8850693
AVX2	14896	4151	8302100
AVX2	14912	4131	8262262
AVX2	14928	4217	8434092
AVX2	14944	4029	8058666
AVX2	14960	4092	8184221
AVX2	14976	4048	8096216
AVX2	14992	4073	8146967
AVX2	15008	3926	7852366
AVX2	15024	4121	8243991
AVX2	15040	4179	8358445
AVX2	15056	4045	8091797
AVX2	15072	4308	8616421
AVX2	15088	4101	8203348
AVX2	15104	4112	8225449
AVX2	15120	4169	8339659
AVX2	15136	4152	8304126
AVX2	15152	4152	8305271
AVX2	15168	4075	8150970
AVX2	15184	4114	8228299
AVX2	15200	4056	8113138
AVX2	15216	4703	9407514
AVX2	15232	4235	8471635
AVX2	15248	4213	8427375
AVX2	15264	4265	8530630
AVX2	15280	5269	10538189
AVX2	15296	4245	8491873
AVX2	15312	4307	8614721
AVX2	15328	4718	9437613
AVX2	15344	4694	9389260
AVX2	15360	4208	8417570
AVX2	15376	4231	8462094
AVX2	15392	4259	8519754
AVX2	15408	4166	8333696
AVX2	15424	4194	8388994
AVX2	15440	4309	8618661
AVX2	15456	4108	8217833
AVX2	15472	4250	8501988
AVX2	15488	4290	8581409
AVX2	15504	4292	8585265
AVX2	15520	4217	8435110
AVX2	15536	4178	8357799
AVX2	15552	4250	8500654
AVX2	15568	4532	9064200
AVX2	15584	4748	9497432
AVX2	15600	4854	9709642
AVX2	15616	4562	9125159
AVX2	15632	4214	8428324
AVX2	15648	4275	8551644
AVX2	15664	4283	8566210
AVX2	15680	5753	11506036
AVX2	15696	4406	8812919
AVX2	15712	4396	8793307
AVX2	15728	4084	8168680
AVX2	15744	4278	8557117
AVX2	15760	4341	8683735
AVX2	15776	5682	11365256
AVX2	15792	4199	8399572
AVX2	15808	4280	8561542
AVX2	15824	4369	8738124
AVX2	15840	4356	8713809
AVX2	15856	4414	8829386
AVX2	15872	4494	8988572
AVX2	15888	4304	8609200
AVX2	15904	4350	8701778
AVX2	15920	4331	8662597
AVX2	15936	4336	8672637
AVX2	15952	4401	8803270
AVX2	15968	4477	8955717
AVX2	15984	4553	9107604
AVX2	16000	4411	8822385
