SSE4	16	34	69193
SSE4	32	70	140994
SSE4	48	89	178300
SSE4	64	100	200634
SSE4	80	131	263158
SSE4	96	188	377966
SSE4	112	155	311765
SSE4	128	244	488424
SSE4	144	215	431028
SSE4	160	244	489230
SSE4	176	305	610638
SSE4	192	256	512310
SSE4	208	283	567938
SSE4	224	337	674092
SSE4	240	371	743850
SSE4	256	350	701500
SSE4	272	392	785340
SSE4	288	377	755379
SSE4	304	404	809931
SSE4	320	507	1015970
SSE4	336	605	1210493
SSE4	352	456	913643
SSE4	368	479	958981
SSE4	384	750	1500636
SSE4	400	645	1290880
SSE4	416	532	1065049
SSE4	432	550	1101708
SSE4	448	675	1350285
SSE4	464	594	1189094
SSE4	480	645	1291469
SSE4	496	627	1255086
SSE4	512	646	1293101
SSE4	528	832	1665754
SSE4	544	871	1742014
SSE4	560	729	1458488
SSE4	576	728	1457150
SSE4	592	756	1512864
SSE4	608	837	1674997
SSE4	624	881	1762919
SSE4	640	801	1603865
SSE4	656	824	1648005
SSE4	672	1177	2355433
SSE4	688	994	1989561
SSE4	704	1019	2038629
SSE4	720	1123	2246025
SSE4	736	963	1926966
SSE4	752	1542	3084476
SSE4	768	1326	2652307
SSE4	784	1358	2716772
SSE4	800	1165	2331487
SSE4	816	1016	2033521
SSE4	832	1071	2142198
SSE4	848	1058	2117128
SSE4	864	1081	2163500
SSE4	880	1148	2297619
SSE4	896	1109	2218686
SSE4	912	1158	2317676
SSE4	928	1156	2312886
SSE4	944	1169	2338639
SSE4	960	1255	2510941
SSE4	976	1218	2436949
SSE4	992	1495	2991852
SSE4	1008	1455	2910781
SSE4	1024	1421	2843011
SSE4	1040	1429	2859650
SSE4	1056	1437	2874051
SSE4	1072	1324	2649388
SSE4	1088	1394	2789951
SSE4	1104	1360	2720640
SSE4	1120	1422	2844043
SSE4	1136	1409	2819096
SSE4	1152	1788	3576474
SSE4	1168	1442	2885732
SSE4	1184	1503	3006242
SSE4	1200	1555	3110363
SSE4	1216	1552	3104228
SSE4	1232	1584	3168851
SSE4	1248	1581	3163752
SSE4	1264	1558	3117171
SSE4	1280	1614	3229393
SSE4	1296	1594	3188093
SSE4	1312	1613	3227090
SSE4	1328	1632	3265927
SSE4	1344	1654	3309613
SSE4	1360	1722	3444991
SSE4	1376	1726	3452328
SSE4	1392	1754	3508393
SSE4	1408	1728	3456339
SSE4	1424	1748	3496922
SSE4	1440	1880	3760227
SSE4	1456	2032	4065022
SSE4	1472	1816	3633686
SSE4	1488	1870	3741777
SSE4	1504	2021	4042743
SSE4	1520	1929	3859164
SSE4	1536	2122	4245651
SSE4	1552	1911	3822912
SSE4	1568	2508	5017842
SSE4	1584	1945	3891653
SSE4	1600	1963	3927049
SSE4	1616	2047	4095865
SSE4	1632	2042	4084196
SSE4	1648	2025	4051588
SSE4	1664	2634	5269876
SSE4	1680	2291	4582567
SSE4	1696	2081	4162404
SSE4	1712	2142	4285409
SSE4	1728	2413	4827610
SSE4	1744	2143	4287899
SSE4	1760	2225	4450490
SSE4	1776	2459	4918276
SSE4	1792	2528	5056007
SSE4	1808	2219	4439852
SSE4	1824	2322	4645707
SSE4	1840	3079	6158013
SSE4	1856	2677	5354029
SSE4	1872	2290	4581803
SSE4	1888	2341	4682425
SSE4	1904	3847	7694415
SSE4	1920	2558	5117737
SSE4	1936	2382	4764936
SSE4	1952	2487	4975480
SSE4	1968	2445	4890758
SSE4	1984	2460	4920624
SSE4	2000	2476	4952201
SSE4	2016	3067	6134378
SSE4	2032	2575	5150059
SSE4	2048	2686	5372845
SSE4	2064	2561	5122152
SSE4	2080	2542	5085573
SSE4	2096	2929	5859078
SSE4	2112	2665	5331723
SSE4	2128	2905	5810038
SSE4	2144	3224	6448736
SSE4	2160	2675	5350123
SSE4	2176	3049	6099508
SSE4	2192	3063	6127323
SSE4	2208	3297	6594595
SSE4	2224	2759	5518546
SSE4	2240	3056	6112680
SSE4	2256	2808	5616288
SSE4	2272	2811	5623215
SSE4	2288	2834	5668772
SSE4	2304	3122	6245556
SSE4	2320	3188	6376273
SSE4	2336	2884	5769082
SSE4	2352	2905	5810192
SSE4	2368	3157	6314416
SSE4	2384	2947	5895297
SSE4	2400	3046	6092135
SSE4	2416	3268	6536196
SSE4	2432	3012	6024788
SSE4	2448	3086	6172790
SSE4	2464	3051	6102652
SSE4	2480	3084	6169072
SSE4	2496	3560	7121362
SSE4	2512	3163	6327197
SSE4	2528	3098	6196219
SSE4	2544	3171	6342559
SSE4	2560	3554	7108133
SSE4	2576	3197	6395914
SSE4	2592	3154	6309059
SSE4	2608	3209	6418400
SSE4	2624	3223	6446057
SSE4	2640	3221	6442930
SSE4	2656	3243	6486697
SSE4	2672	3294	6589791
SSE4	2688	3300	6600930
SSE4	2704	3501	7002591
SSE4	2720	3314	6628140
SSE4	2736	3404	6808351
SSE4	2752	3354	6709189
SSE4	2768	3372	6745137
SSE4	2784	3424	6848813
SSE4	2800	3408	6816290
SSE4	2816	3886	7772450
SSE4	2832	3455	6910381
SSE4	2848	3521	7042491
SSE4	2864	3953	7907023
SSE4	2880	3861	7723999
SSE4	2896	3892	7785423
SSE4	2912	4294	8589605
SSE4	2928	5542	11085135
SSE4	2944	4601	9203416
SSE4	2960	3642	7284174
SSE4	2976	3686	7373864
SSE4	2992	3692	7385353
SSE4	3008	3795	7590915
SSE4	3024	3845	7691864
SSE4	3040	3842	7685145
SSE4	3056	4094	8189851
SSE4	3072	3810	7620945
SSE4	3088	3848	7697520
SSE4	3104	4573	9147427
SSE4	3120	3873	7746414
SSE4	3136	3906	7813263
SSE4	3152	3909	7819540
SSE4	3168	4013	8027030
SSE4	3184	3933	7867404
SSE4	3200	3915	7831143
SSE4	3216	4067	8135718
SSE4	3232	3980	7961636
SSE4	3248	4032	8065690
SSE4	3264	4082	8164271
SSE4	3280	4417	8835142
SSE4	3296	4221	8443469
SSE4	3312	4468	8936531
SSE4	3328	4151	8303360
SSE4	3344	4139	8278347
SSE4	3360	4585	9170626
SSE4	3376	4168	8337246
SSE4	3392	4178	8356189
SSE4	3408	4230	8461396
SSE4	3424	4215	8430300
SSE4	3440	4698	9397992
SSE4	3456	4594	9189990
SSE4	3472	4356	8713581
SSE4	3488	4265	8530329
SSE4	3504	4355	8711466
SSE4	3520	4655	9310835
SSE4	3536	4373	8747285
SSE4	3552	4343	8686030
SSE4	3568	4402	8804363
SSE4	3584	4472	8945266
SSE4	3600	4428	8857900
SSE4	3616	4498	8996318
SSE4	3632	4473	8946496
SSE4	3648	4518	9037389
SSE4	3664	4545	9090046
SSE4	3680	4576	9152288
SSE4	3696	4535	9071254
SSE4	3712	4907	9814477
SSE4	3728	4615	9230356
SSE4	3744	5037	10074837
SSE4	3760	4634	9268551
SSE4	3776	4681	9363105
SSE4	3792	4788	9577831
SSE4	3808	4693	9386030
SSE4	3824	4732	9465557
SSE4	3840	4715	9430892
SSE4	3856	4817	9634508
SSE4	3872	4920	9840705
SSE4	3888	4796	9593936
SSE4	3904	4853	9707824
SSE4	3920	4918	9836401
SSE4	3936	5202	10405280
SSE4	3952	4857	9715635
SSE4	3968	5523	11047213
SSE4	3984	4954	9908737
SSE4	4000	4928	9856879
SSE4	4016	5305	10610233
SSE4	4032	4940	9881599
SSE4	4048	4924	9849991
SSE4	4064	5473	10946442
SSE4	4080	5022	10045506
SSE4	4096	5064	10128756
SSE4	4112	5040	10080298
SSE4	4128	5065	10130949
SSE4	4144	5087	10175734
SSE4	4160	5502	11005898
SSE4	4176	5163	10327625
SSE4	4192	5158	10317195
SSE4	4208	5335	10670705
SSE4	4224	5399	10798896
SSE4	4240	5237	10475153
SSE4	4256	5539	11079931
SSE4	4272	5569	11139464
SSE4	4288	5583	11167095
SSE4	4304	5402	10805846
SSE4	4320	5305	10611719
SSE4	4336	5328	10656740
SSE4	4352	5408	10817055
SSE4	4368	5682	11365364
SSE4	4384	5711	11423031
SSE4	4400	5439	10879791
SSE4	4416	5527	11055436
SSE4	4432	6545	13091865
SSE4	4448	5782	11564566
SSE4	4464	5480	10960233
SSE4	4480	5588	11177699
SSE4	4496	8148	16297306
SSE4	4512	5866	11732536
SSE4	4528	5567	11135033
SSE4	4544	5663	11326584
SSE4	4560	5625	11250364
SSE4	4576	5649	11299136
SSE4	4592	5680	11360815
SSE4	4608	5730	11460853
SSE4	4624	5710	11421783
SSE4	4640	5717	11434057
SSE4	4656	6033	12066588
SSE4	4672	5767	11534334
SSE4	4688	5805	11611941
SSE4	4704	5909	11818872
SSE4	4720	5791	11582132
SSE4	4736	5858	11717769
SSE4	4752	5966	11932651
SSE4	4768	5984	11969440
SSE4	4784	5921	11842331
SSE4	4800	5949	11898652
SSE4	4816	5965	11931435
SSE4	4832	6025	12050190
SSE4	4848	5983	11966332
SSE4	4864	6001	12002396
SSE4	4880	6038	12077129
SSE4	4896	6093	12186901
SSE4	4912	6029	12058848
SSE4	4928	6414	12829850
SSE4	4944	6102	12205687
SSE4	4960	6064	12129770
SSE4	4976	6149	12298538
SSE4	4992	6147	12295671
SSE4	5008	6139	12279417
SSE4	5024	6171	12343086
SSE4	5040	6229	12458778
SSE4	5056	6300	12601407
SSE4	5072	6224	12448090
SSE4	5088	6356	12713015
SSE4	5104	8735	17470908
SSE4	5120	6440	12880825
SSE4	5136	6316	12633727
SSE4	5152	6334	12669152
SSE4	5168	6434	12869718
SSE4	5184	6420	12841694
SSE4	5200	6463	12927408
SSE4	5216	8768	17536260
SSE4	5232	6484	12968889
SSE4	5248	6518	13036046
SSE4	5264	6466	12932715
SSE4	5280	6839	13678297
SSE4	5296	6693	13387456
SSE4	5312	6650	13300988
SSE4	5328	6552	13104466
SSE4	5344	6582	13164611
SSE4	5360	6601	13203739
SSE4	5376	6918	13837821
SSE4	5392	6746	13492940
SSE4	5408	6689	13378397
SSE4	5424	6695	13391516
SSE4	5440	6715	13430492
SSE4	5456	7037	14075720
SSE4	5472	6761	13523468
SSE4	5488	6801	13602727
SSE4	5504	6866	13733099
SSE4	5520	6837	13675813
SSE4	5536	6885	13770854
SSE4	5552	6864	13729028
SSE4	5568	7686	15372850
SSE4	5584	7242	14485319
SSE4	5600	6944	13889916
SSE4	5616	6928	13857664
SSE4	5632	7040	14080213
SSE4	5648	7122	14244039
SSE4	5664	7027	14055487
SSE4	5680	7482	14964391
SSE4	5696	7099	14199560
SSE4	5712	7165	14330115
SSE4	5728	7208	14416111
SSE4	5744	7201	14403712
SSE4	5760	7538	15076544
SSE4	5776	7578	15156621
SSE4	5792	7296	14592151
SSE4	5808	7378	14756417
SSE4	5824	7315	14631804
SSE4	5840	7346	14692936
SSE4	5856	7393	14786733
SSE4	5872	9759	19519154
SSE4	5888	7320	14640172
SSE4	5904	7395	14790357
SSE4	5920	7896	15792379
SSE4	5936	7484	14969219
SSE4	5952	7475	14950980
SSE4	5968	7812	15624363
SSE4	5984	7489	14978214
SSE4	6000	7878	15756280
SSE4	6016	7579	15158722
SSE4	6032	7697	15395144
SSE4	6048	7627	15255680
SSE4	6064	7737	15474362
SSE4	6080	7697	15395996
SSE4	6096	8067	16135811
SSE4	6112	8287	16575975
SSE4	6128	7707	15415273
SSE4	6144	7742	15485529
SSE4	6160	7704	15408994
SSE4	6176	8309	16619530
SSE4	6192	7857	15714593
SSE4	6208	7953	15906127
SSE4	6224	8235	16471071
SSE4	6240	7900	15801834
SSE4	6256	8018	16036202
SSE4	6272	7920	15841205
SSE4	6288	8298	16597877
SSE4	6304	7964	15929261
SSE4	6320	8106	16212570
SSE4	6336	8107	16215251
SSE4	6352	8354	16709719
SSE4	6368	8060	16120576
SSE4	6384	8394	16789270
SSE4	6400	8101	16203221
SSE4	6416	8339	16679000
SSE4	6432	8104	16209752
SSE4	6448	8127	16254656
SSE4	6464	8190	16381578
SSE4	6480	8180	16361235
SSE4	6496	8186	16373289
SSE4	6512	8211	16423570
SSE4	6528	8633	17266455
SSE4	6544	8297	16595061
SSE4	6560	8629	17258577
SSE4	6576	8294	16589359
SSE4	6592	8346	16692285
SSE4	6608	8353	16706488
SSE4	6624	8450	16901087
SSE4	6640	8721	17442345
SSE4	6656	8412	16825001
SSE4	6672	10454	20909482
SSE4	6688	8447	16895374
SSE4	6704	8518	17036912
SSE4	6720	8503	17006767
SSE4	6736	8513	17026161
SSE4	6752	8633	17267923
SSE4	6768	8601	17203255
SSE4	6784	8539	17078512
SSE4	6800	8618	17237126
SSE4	6816	8659	17319955
SSE4	6832	8664	17329341
SSE4	6848	9311	18623774
SSE4	6864	9012	18025010
SSE4	6880	8643	17287976
SSE4	6896	9027	18055713
SSE4	6912	8719	17438381
SSE4	6928	9158	18316774
SSE4	6944	9358	18717295
SSE4	6960	8764	17528258
SSE4	6976	8844	17688456
SSE4	6992	9153	18306897
SSE4	7008	8819	17639642
SSE4	7024	9172	18344884
SSE4	7040	8923	17847363
SSE4	7056	8921	17843322
SSE4	7072	11211	22423946
SSE4	7088	9016	18033897
SSE4	7104	8942	17884690
SSE4	7120	9371	18743938
SSE4	7136	8956	17912312
SSE4	7152	9024	18049004
SSE4	7168	9376	18752325
SSE4	7184	9427	18854998
SSE4	7200	9104	18209446
SSE4	7216	9144	18288816
SSE4	7232	9464	18929795
SSE4	7248	9154	18308689
SSE4	7264	9202	18405908
SSE4	7280	9191	18383863
SSE4	7296	9457	18915814
SSE4	7312	9254	18508647
SSE4	7328	9407	18815610
SSE4	7344	15290	30580014
SSE4	7360	9296	18593179
SSE4	7376	9910	19821568
SSE4	7392	9339	18678403
SSE4	7408	9964	19929728
SSE4	7424	9720	19441436
SSE4	7440	9444	18889254
SSE4	7456	9454	18908317
SSE4	7472	9365	18730971
SSE4	7488	9554	19108039
SSE4	7504	9741	19483010
SSE4	7520	9597	19195993
SSE4	7536	9844	19689066
SSE4	7552	9548	19097062
SSE4	7568	9619	19238621
SSE4	7584	9649	19299925
SSE4	7600	9583	19167414
SSE4	7616	9708	19417228
SSE4	7632	9652	19304468
SSE4	7648	10062	20124169
SSE4	7664	9689	19378888
SSE4	7680	9681	19362358
SSE4	7696	10140	20280024
SSE4	7712	9766	19533488
SSE4	7728	10098	20197775
SSE4	7744	9832	19664459
SSE4	7760	9833	19667862
SSE4	7776	9814	19628074
SSE4	7792	10163	20326574
SSE4	7808	9819	19639526
SSE4	7824	9918	19837168
SSE4	7840	9884	19769339
SSE4	7856	9881	19763917
SSE4	7872	9958	19917554
SSE4	7888	9957	19914024
SSE4	7904	10386	20773012
SSE4	7920	17008	34016748
SSE4	7936	9981	19963697
SSE4	7952	10055	20110424
SSE4	7968	9966	19932925
SSE4	7984	10398	20796529
SSE4	8000	10092	20185181
SSE4	8016	10127	20255628
SSE4	8032	10164	20328776
SSE4	8048	10958	21916702
SSE4	8064	10490	20981319
SSE4	8080	10295	20591388
SSE4	8096	10580	21161457
SSE4	8112	10359	20718042
SSE4	8128	10399	20798699
SSE4	8144	10826	21652408
SSE4	8160	11251	22502073
SSE4	8176	10583	21166274
SSE4	8192	10663	21327405
SSE4	8208	10733	21466141
SSE4	8224	10520	21040332
SSE4	8240	10471	20942216
SSE4	8256	10733	21467704
SSE4	8272	10823	21646386
SSE4	8288	10762	21524051
SSE4	8304	10588	21176138
SSE4	8320	10570	21140579
SSE4	8336	10512	21025597
SSE4	8352	12320	24640180
SSE4	8368	10624	21248698
SSE4	8384	10807	21615618
SSE4	8400	10613	21227273
SSE4	8416	10668	21337368
SSE4	8432	10651	21302629
SSE4	8448	10701	21402332
SSE4	8464	10681	21362429
SSE4	8480	11541	23083514
SSE4	8496	10745	21491915
SSE4	8512	10746	21492866
SSE4	8528	11128	22256268
SSE4	8544	10781	21562941
SSE4	8560	12340	24681871
SSE4	8576	10781	21562267
SSE4	8592	10849	21699538
SSE4	8608	10877	21754058
SSE4	8624	10904	21809281
SSE4	8640	10899	21799178
SSE4	8656	12630	25261296
SSE4	8672	10931	21862693
SSE4	8688	11347	22694316
SSE4	8704	11116	22233679
SSE4	8720	11386	22773205
SSE4	8736	10989	21979420
SSE4	8752	12650	25301827
SSE4	8768	11203	22406265
SSE4	8784	11128	22257929
SSE4	8800	11898	23797804
SSE4	8816	11126	22252898
SSE4	8832	12485	24970254
SSE4	8848	11179	22359716
SSE4	8864	11306	22613306
SSE4	8880	11204	22409727
SSE4	8896	11221	22443272
SSE4	8912	11573	23146359
SSE4	8928	11271	22543444
SSE4	8944	11286	22573848
SSE4	8960	11594	23188000
SSE4	8976	11279	22558230
SSE4	8992	11364	22729435
SSE4	9008	11513	23027366
SSE4	9024	11703	23407361
SSE4	9040	11383	22766545
SSE4	9056	11407	22815737
SSE4	9072	12339	24678767
SSE4	9088	11461	22922717
SSE4	9104	11467	22934535
SSE4	9120	11537	23074785
SSE4	9136	11571	23142107
SSE4	9152	11545	23091233
SSE4	9168	11901	23803202
SSE4	9184	11626	23252707
SSE4	9200	11958	23916170
SSE4	9216	11984	23969980
SSE4	9232	11705	23410712
SSE4	9248	11719	23438893
SSE4	9264	12019	24039463
SSE4	9280	12321	24643516
SSE4	9296	11719	23439125
SSE4	9312	11754	23508879
SSE4	9328	12070	24140620
SSE4	9344	11783	23566343
SSE4	9360	12126	24252176
SSE4	9376	12189	24379157
SSE4	9392	12165	24330497
SSE4	9408	11835	23670239
SSE4	9424	11923	23847943
SSE4	9440	12415	24831512
SSE4	9456	12070	24140334
SSE4	9472	11984	23968746
SSE4	9488	11936	23872475
SSE4	9504	11935	23871795
SSE4	9520	12002	24005215
SSE4	9536	12302	24605933
SSE4	9552	12409	24819351
SSE4	9568	12093	24187939
SSE4	9584	12077	24154161
SSE4	9600	12127	24255600
SSE4	9616	12136	24272774
SSE4	9632	12173	24347847
SSE4	9648	12206	24413766
SSE4	9664	12208	24417973
SSE4	9680	12231	24463989
SSE4	9696	12345	24690435
SSE4	9712	13751	27502084
SSE4	9728	12610	25221432
SSE4	9744	12672	25345777
SSE4	9760	12289	24578753
SSE4	9776	12335	24670289
SSE4	9792	12441	24883593
SSE4	9808	12746	25493550
SSE4	9824	12365	24730933
SSE4	9840	12456	24913687
SSE4	9856	13333	26667935
SSE4	9872	12445	24891969
SSE4	9888	13116	26233830
SSE4	9904	12458	24916283
SSE4	9920	12539	25078637
SSE4	9936	12524	25048742
SSE4	9952	12562	25125675
SSE4	9968	12557	25114455
SSE4	9984	12571	25143753
SSE4	10000	12650	25301444
SSE4	10016	12613	25227360
SSE4	10032	12646	25293757
SSE4	10048	12701	25402835
SSE4	10064	14277	28554520
SSE4	10080	13044	26089040
SSE4	10096	12716	25433244
SSE4	10112	13136	26273142
SSE4	10128	13165	26331490
SSE4	10144	13415	26830443
SSE4	10160	12903	25806302
SSE4	10176	12960	25921641
SSE4	10192	13012	26024874
SSE4	10208	14057	28115758
SSE4	10224	13580	27161160
SSE4	10240	13083	26166849
SSE4	10256	13431	26862380
SSE4	10272	13227	26455442
SSE4	10288	13567	27134034
SSE4	10304	12995	25990747
SSE4	10320	13356	26713304
SSE4	10336	13019	26038801
SSE4	10352	13358	26717850
SSE4	10368	13026	26053952
SSE4	10384	13130	26260609
SSE4	10400	13113	26226970
SSE4	10416	13164	26329344
SSE4	10432	13130	26260184
SSE4	10448	13236	26472576
SSE4	10464	13192	26385276
SSE4	10480	13558	27116918
SSE4	10496	13285	26571423
SSE4	10512	13290	26580715
SSE4	10528	13606	27213264
SSE4	10544	13296	26593222
SSE4	10560	13295	26591468
SSE4	10576	13332	26665867
SSE4	10592	13330	26661909
SSE4	10608	13753	27507469
SSE4	10624	13379	26759639
SSE4	10640	13540	27080263
SSE4	10656	13726	27452633
SSE4	10672	14158	28317251
SSE4	10688	14073	28147754
SSE4	10704	13526	27052429
SSE4	10720	13524	27048139
SSE4	10736	13795	27591057
SSE4	10752	13588	27177309
SSE4	10768	13551	27103969
SSE4	10784	13630	27260888
SSE4	10800	13584	27168411
SSE4	10816	13627	27254944
SSE4	10832	16103	32206827
SSE4	10848	14015	28031049
SSE4	10864	14227	28455663
SSE4	10880	14330	28660504
SSE4	10896	14433	28866647
SSE4	10912	13737	27474206
SSE4	10928	13793	27587177
SSE4	10944	15507	31015536
SSE4	10960	13888	27777030
SSE4	10976	13794	27588452
SSE4	10992	13879	27759918
SSE4	11008	14546	29092517
SSE4	11024	13931	27863012
SSE4	11040	14875	29751687
SSE4	11056	13947	27895456
SSE4	11072	14236	28472927
SSE4	11088	15455	30911385
SSE4	11104	14065	28130882
SSE4	11120	14402	28805511
SSE4	11136	23412	46825930
SSE4	11152	15462	30924157
SSE4	11168	14473	28946870
SSE4	11184	15206	30413887
SSE4	11200	14856	29712972
SSE4	11216	14921	29843914
SSE4	11232	14265	28531039
SSE4	11248	14446	28892728
SSE4	11264	15366	30733307
SSE4	11280	14219	28438598
SSE4	11296	14342	28685087
SSE4	11312	14357	28715110
SSE4	11328	15377	30754009
SSE4	11344	14771	29542412
SSE4	11360	14775	29551984
SSE4	11376	14291	28583140
SSE4	11392	14358	28716444
SSE4	11408	14525	29051904
SSE4	11424	14589	29179762
SSE4	11440	14993	29986480
SSE4	11456	15440	30880268
SSE4	11472	14508	29016472
SSE4	11488	14794	29588015
SSE4	11504	14512	29024843
SSE4	11520	14541	29082750
SSE4	11536	15618	31236313
SSE4	11552	15219	30438821
SSE4	11568	14623	29247376
SSE4	11584	15219	30438426
SSE4	11600	15489	30979359
SSE4	11616	14951	29903402
SSE4	11632	14632	29265199
SSE4	11648	15536	31072894
SSE4	11664	14718	29436457
SSE4	11680	15736	31472524
SSE4	11696	14795	29590175
SSE4	11712	15387	30775074
SSE4	11728	14915	29831865
SSE4	11744	15682	31364486
SSE4	11760	15964	31929102
SSE4	11776	14872	29744223
SSE4	11792	15156	30313564
SSE4	11808	14880	29760821
SSE4	11824	14922	29844125
SSE4	11840	15963	31927744
SSE4	11856	16120	32240095
SSE4	11872	15279	30558124
SSE4	11888	14950	29901078
SSE4	11904	15957	31914970
SSE4	11920	15440	30881490
SSE4	11936	15375	30751941
SSE4	11952	15081	30163884
SSE4	11968	15066	30133204
SSE4	11984	15477	30954804
SSE4	12000	16071	32142546
SSE4	12016	16037	32075038
SSE4	12032	16262	32524835
SSE4	12048	15402	30805502
SSE4	12064	17725	35451612
SSE4	12080	15315	30630071
SSE4	12096	15322	30644194
SSE4	12112	15228	30456510
SSE4	12128	15554	31109499
SSE4	12144	17723	35447293
SSE4	12160	16554	33108055
SSE4	12176	15839	31678511
SSE4	12192	15538	31077408
SSE4	12208	16099	32198020
SSE4	12224	15903	31807393
SSE4	12240	18131	36263903
SSE4	12256	17399	34798929
SSE4	12272	18573	37147576
SSE4	12288	16024	32049761
SSE4	12304	15870	31741020
SSE4	12320	16019	32039354
SSE4	12336	15605	31211473
SSE4	12352	17408	34816346
SSE4	12368	20501	41002864
SSE4	12384	15907	31815063
SSE4	12400	16045	32091886
SSE4	12416	15984	31969184
SSE4	12432	15645	31290539
SSE4	12448	15729	31459110
SSE4	12464	16083	32167301
SSE4	12480	16005	32011664
SSE4	12496	16748	33496525
SSE4	12512	16397	32794284
SSE4	12528	16082	32165770
SSE4	12544	15840	31681983
SSE4	12560	15878	31757199
SSE4	12576	15912	31824309
SSE4	12592	16235	32471041
SSE4	12608	15850	31701223
SSE4	12624	16562	33125441
SSE4	12640	15965	31931516
SSE4	12656	16081	32163791
SSE4	12672	15960	31921118
SSE4	12688	16156	32313917
SSE4	12704	18769	37538313
SSE4	12720	16073	32147313
SSE4	12736	16038	32077867
SSE4	12752	16409	32819093
SSE4	12768	16759	33519304
SSE4	12784	16467	32935567
SSE4	12800	16155	32310628
SSE4	12816	16435	32870496
SSE4	12832	16943	33886855
SSE4	12848	16186	32372226
SSE4	12864	16277	32554392
SSE4	12880	16985	33970513
SSE4	12896	16215	32431782
SSE4	12912	16277	32555991
SSE4	12928	16786	33572947
SSE4	12944	16276	32553720
SSE4	12960	16302	32604725
SSE4	12976	16366	32732740
SSE4	12992	16373	32747868
SSE4	13008	16381	32763363
SSE4	13024	16701	33403879
SSE4	13040	16498	32996588
SSE4	13056	16504	33009238
SSE4	13072	16477	32954112
SSE4	13088	16507	33015453
SSE4	13104	16534	33068173
SSE4	13120	16584	33169650
SSE4	13136	16935	33871600
SSE4	13152	16578	33157583
SSE4	13168	16963	33927917
SSE4	13184	16683	33367274
SSE4	13200	16717	33435079
SSE4	13216	16630	33261726
SSE4	13232	16616	33233902
SSE4	13248	16692	33385302
SSE4	13264	16824	33648641
SSE4	13280	16786	33573863
SSE4	13296	17080	34160737
SSE4	13312	16819	33638598
SSE4	13328	17538	35076742
SSE4	13344	17182	34364767
SSE4	13360	17775	35551657
SSE4	13376	16897	33794001
SSE4	13392	17798	35597441
SSE4	13408	17677	35355938
SSE4	13424	20230	40460365
SSE4	13440	17122	34244579
SSE4	13456	17026	34052985
SSE4	13472	17367	34735275
SSE4	13488	17039	34079736
SSE4	13504	17628	35256715
SSE4	13520	17005	34010074
SSE4	13536	17694	35389090
SSE4	13552	17148	34296915
SSE4	13568	19536	39073552
SSE4	13584	17167	34334620
SSE4	13600	19896	39792462
SSE4	13616	17159	34319715
SSE4	13632	17227	34455328
SSE4	13648	17203	34407524
SSE4	13664	18029	36058372
SSE4	13680	17263	34527525
SSE4	13696	17221	34442245
SSE4	13712	17308	34617972
SSE4	13728	19796	39592604
SSE4	13744	17305	34611975
SSE4	13760	17329	34658059
SSE4	13776	17479	34958705
SSE4	13792	17367	34735946
SSE4	13808	17379	34758354
SSE4	13824	19869	39738899
SSE4	13840	18049	36098171
SSE4	13856	19907	39815428
SSE4	13872	18676	37352444
SSE4	13888	17782	35565683
SSE4	13904	18776	37553978
SSE4	13920	17499	34999958
SSE4	13936	22058	44116794
SSE4	13952	24690	49380846
SSE4	13968	18114	36229256
SSE4	13984	17747	35495150
SSE4	14000	17810	35621819
SSE4	14016	17635	35270563
SSE4	14032	17838	35677149
SSE4	14048	17723	35447803
SSE4	14064	17849	35698561
SSE4	14080	18121	36242948
SSE4	14096	17785	35570861
SSE4	14112	17849	35698802
SSE4	14128	18176	36352142
SSE4	14144	18109	36219239
SSE4	14160	20342	40684022
SSE4	14176	18156	36313695
SSE4	14192	18233	36467983
SSE4	14208	19039	38079752
SSE4	14224	18028	36057575
SSE4	14240	18008	36016311
SSE4	14256	18079	36159510
SSE4	14272	17988	35977906
SSE4	14288	18286	36572976
SSE4	14304	20025	40051749
SSE4	14320	18956	37913437
SSE4	14336	18512	37025352
SSE4	14352	18691	37383412
SSE4	14368	18779	37559849
SSE4	14384	18925	37850509
SSE4	14400	18157	36315591
SSE4	14416	18659	37318852
SSE4	14432	19014	38029983
SSE4	14448	18227	36454339
SSE4	14464	18174	36349661
SSE4	14480	18233	36467439
SSE4	14496	18267	36534305
SSE4	14512	18299	36598789
SSE4	14528	18328	36657998
SSE4	14544	18349	36698667
SSE4	14560	18495	36991906
SSE4	14576	21262	42524596
SSE4	14592	18680	37361825
SSE4	14608	18442	36884117
SSE4	14624	21217	42435257
SSE4	14640	18510	37020087
SSE4	14656	18836	37673926
SSE4	14672	18647	37295188
SSE4	14688	18465	36930522
SSE4	14704	19198	38397374
SSE4	14720	18549	37099257
SSE4	14736	18564	37129825
SSE4	14752	21104	42209030
SSE4	14768	18966	37932999
SSE4	14784	18646	37292326
SSE4	14800	18762	37525440
SSE4	14816	18734	37468588
SSE4	14832	19145	38290034
SSE4	14848	18722	37445078
SSE4	14864	19147	38294036
SSE4	14880	19089	38178680
SSE4	14896	18815	37630433
SSE4	14912	19964	39929234
SSE4	14928	19770	39541745
SSE4	14944	20010	40020948
SSE4	14960	18914	37829801
SSE4	14976	20029	40059983
SSE4	14992	18940	37881837
SSE4	15008	18922	37845050
SSE4	15024	19005	38010291
SSE4	15040	18968	37937343
SSE4	15056	19018	38037822
SSE4	15072	19110	38221076
SSE4	15088	19393	38786039
SSE4	15104	19403	38806833
SSE4	15120	19067	38134458
SSE4	15136	21799	43598425
SSE4	15152	19511	39022446
SSE4	15168	19902	39804324
SSE4	15184	19178	38357488
SSE4	15200	19212	38425498
SSE4	15216	19245	38490902
SSE4	15232	19635	39271529
SSE4	15248	19182	38365632
SSE4	15264	19262	38525510
SSE4	15280	19252	38505097
SSE4	15296	19551	39103323
SSE4	15312	20753	41506112
SSE4	15328	19407	38815014
SSE4	15344	19676	39352085
SSE4	15360	19332	38665271
SSE4	15376	21935	43870255
SSE4	15392	19707	39414378
SSE4	15408	19476	38952924
SSE4	15424	19743	39487754
SSE4	15440	22359	44719783
SSE4	15456	19784	39569676
SSE4	15472	19505	39011431
SSE4	15488	20021	40043289
SSE4	15504	21977	43955249
SSE4	15520	19851	39703622
SSE4	15536	19858	39717758
SSE4	15552	22537	45074231
SSE4	15568	20629	41259249
SSE4	15584	20566	41132698
SSE4	15600	20729	41458100
SSE4	15616	20031	40063234
SSE4	15632	19706	39413617
SSE4	15648	19709	39419453
SSE4	15664	22222	44445493
SSE4	15680	19712	39425651
SSE4	15696	21096	42193052
SSE4	15712	20600	41201308
SSE4	15728	19786	39572918
SSE4	15744	22301	44603448
SSE4	15760	20197	40395430
SSE4	15776	20182	40365362
SSE4	15792	19947	39895812
SSE4	15808	19959	39919836
SSE4	15824	19950	39900384
SSE4	15840	20660	41321529
SSE4	15856	22796	45592584
SSE4	15872	19999	39999301
SSE4	15888	20287	40574821
SSE4	15904	19998	39996876
SSE4	15920	20047	40095340
SSE4	15936	20177	40354098
SSE4	15952	20140	40281839
SSE4	15968	21077	42155943
SSE4	15984	20192	40384038
SSE4	16000	21009	42018297
