AVX2	16	24	49143
AVX2	32	46	93891
AVX2	48	42	84912
AVX2	64	53	107854
AVX2	80	68	137843
AVX2	96	84	169156
AVX2	112	94	188908
AVX2	128	108	216769
AVX2	144	117	235796
AVX2	160	118	236980
AVX2	176	121	242284
AVX2	192	205	410805
AVX2	208	197	394616
AVX2	224	228	456412
AVX2	240	209	419322
AVX2	256	222	444964
AVX2	272	226	453116
AVX2	288	204	409717
AVX2	304	211	422927
AVX2	320	227	454014
AVX2	336	218	436782
AVX2	352	237	474650
AVX2	368	237	475016
AVX2	384	384	768976
AVX2	400	415	831512
AVX2	416	379	758168
AVX2	432	341	683072
AVX2	448	353	707775
AVX2	464	342	684014
AVX2	480	328	656924
AVX2	496	472	944728
AVX2	512	382	765212
AVX2	528	405	810068
AVX2	544	411	822568
AVX2	560	419	838789
AVX2	576	383	766899
AVX2	592	403	807964
AVX2	608	398	797932
AVX2	624	415	830410
AVX2	640	428	856359
AVX2	656	433	866341
AVX2	672	448	896162
AVX2	688	460	920011
AVX2	704	532	1065228
AVX2	720	508	1017635
AVX2	736	529	1058200
AVX2	752	498	997431
AVX2	768	499	998156
AVX2	784	525	1050495
AVX2	800	536	1072941
AVX2	816	538	1077906
AVX2	832	582	1165299
AVX2	848	548	1097479
AVX2	864	567	1135624
AVX2	880	602	1204638
AVX2	896	575	1150041
AVX2	912	593	1187647
AVX2	928	596	1193189
AVX2	944	621	1242033
AVX2	960	623	1246678
AVX2	976	623	1247708
AVX2	992	694	1389571
AVX2	1008	657	1314153
AVX2	1024	663	1326291
AVX2	1040	671	1343954
AVX2	1056	681	1362046
AVX2	1072	687	1374634
AVX2	1088	701	1402303
AVX2	1104	709	1418892
AVX2	1120	724	1449766
AVX2	1136	735	1471719
AVX2	1152	743	1487334
AVX2	1168	840	1681736
AVX2	1184	771	1543966
AVX2	1200	773	1547743
AVX2	1216	821	1643779
AVX2	1232	798	1597327
AVX2	1248	818	1637329
AVX2	1264	811	1623689
AVX2	1280	828	1656170
AVX2	1296	888	1777828
AVX2	1312	838	1677467
AVX2	1328	850	1700477
AVX2	1344	858	1717664
AVX2	1360	1333	2667716
AVX2	1376	930	1861359
AVX2	1392	1299	2599269
AVX2	1408	939	1879354
AVX2	1424	917	1835630
AVX2	1440	920	1841186
AVX2	1456	1009	2018946
AVX2	1472	944	1888723
AVX2	1488	988	1977489
AVX2	1504	968	1937151
AVX2	1520	1009	2019282
AVX2	1536	983	1967573
AVX2	1552	993	1986144
AVX2	1568	1409	2819009
AVX2	1584	1001	2003049
AVX2	1600	1054	2109690
AVX2	1616	1028	2056312
AVX2	1632	1080	2161061
AVX2	1648	1053	2106574
AVX2	1664	1064	2129961
AVX2	1680	1073	2147089
AVX2	1696	1097	2194107
AVX2	1712	1517	3034631
AVX2	1728	1103	2207982
AVX2	1744	1099	2198034
AVX2	1760	1378	2756607
AVX2	1776	1170	2340817
AVX2	1792	1680	3360368
AVX2	1808	1148	2296507
AVX2	1824	1160	2320834
AVX2	1840	1805	3610946
AVX2	1856	1201	2402784
AVX2	1872	1224	2449684
AVX2	1888	1198	2397161
AVX2	1904	1258	2516607
AVX2	1920	1256	2512937
AVX2	1936	1233	2466895
AVX2	1952	1238	2476148
AVX2	1968	1247	2494357
AVX2	1984	1255	2511368
AVX2	2000	1262	2525985
AVX2	2016	1450	2900860
AVX2	2032	1819	3638606
AVX2	2048	1341	2682911
AVX2	2064	1732	3465515
AVX2	2080	1361	2722149
AVX2	2096	1325	2651911
AVX2	2112	1334	2668828
AVX2	2128	1378	2757774
AVX2	2144	1346	2693110
AVX2	2160	1540	3081696
AVX2	2176	1728	3457242
AVX2	2192	1462	2924694
AVX2	2208	1670	3340457
AVX2	2224	2418	4836525
AVX2	2240	2501	5003393
AVX2	2256	2043	4087001
AVX2	2272	1440	2880060
AVX2	2288	1497	2995378
AVX2	2304	1457	2914003
AVX2	2320	1507	3014830
AVX2	2336	1471	2942009
AVX2	2352	1504	3008575
AVX2	2368	1531	3062721
AVX2	2384	1659	3319212
AVX2	2400	1539	3078248
AVX2	2416	1524	3049182
AVX2	2432	1534	3068202
AVX2	2448	1574	3148962
AVX2	2464	1555	3111894
AVX2	2480	1569	3138435
AVX2	2496	1615	3231370
AVX2	2512	1581	3162545
AVX2	2528	1585	3170651
AVX2	2544	1598	3196006
AVX2	2560	1857	3714427
AVX2	2576	1615	3231711
AVX2	2592	1876	3752715
AVX2	2608	1637	3274157
AVX2	2624	1657	3314560
AVX2	2640	1698	3396313
AVX2	2656	1666	3333087
AVX2	2672	1683	3366275
AVX2	2688	1729	3459744
AVX2	2704	1731	3462074
AVX2	2720	1709	3418632
AVX2	2736	1925	3851738
AVX2	2752	1940	3880707
AVX2	2768	1752	3504218
AVX2	2784	1809	3618192
AVX2	2800	1762	3525618
AVX2	2816	1811	3622825
AVX2	2832	1821	3643020
AVX2	2848	1823	3646008
AVX2	2864	1804	3609228
AVX2	2880	1835	3670859
AVX2	2896	1864	3728558
AVX2	2912	1950	3900645
AVX2	2928	1868	3736666
AVX2	2944	1858	3716316
AVX2	2960	1997	3995507
AVX2	2976	1906	3812429
AVX2	2992	1908	3816423
AVX2	3008	1949	3898220
AVX2	3024	1970	3940830
AVX2	3040	2045	4090700
AVX2	3056	3084	6169892
AVX2	3072	1971	3943267
AVX2	3088	1927	3854531
AVX2	3104	1982	3964702
AVX2	3120	2013	4027694
AVX2	3136	2097	4194004
AVX2	3152	2437	4875050
AVX2	3168	2025	4050254
AVX2	3184	2045	4090522
AVX2	3200	2274	4548710
AVX2	3216	2103	4207287
AVX2	3232	2028	4056627
AVX2	3248	2030	4061016
AVX2	3264	2482	4965751
AVX2	3280	2118	4237765
AVX2	3296	2312	4625527
AVX2	3312	2098	4197101
AVX2	3328	2213	4427762
AVX2	3344	2263	4527497
AVX2	3360	2167	4335986
AVX2	3376	2122	4245869
AVX2	3392	2226	4452003
AVX2	3408	2472	4944928
AVX2	3424	2630	5260704
AVX2	3440	2444	4889531
AVX2	3456	3624	7248872
AVX2	3472	2930	5860028
AVX2	3488	2712	5425475
AVX2	3504	3713	7427203
AVX2	3520	2603	5206895
AVX2	3536	2290	4580006
AVX2	3552	2259	4519183
AVX2	3568	2281	4562382
AVX2	3584	2293	4587253
AVX2	3600	2261	4523780
AVX2	3616	2271	4543056
AVX2	3632	2422	4845963
AVX2	3648	2324	4648352
AVX2	3664	3041	6082589
AVX2	3680	2431	4863507
AVX2	3696	2348	4696542
AVX2	3712	3283	6566358
AVX2	3728	2423	4846557
AVX2	3744	2336	4673956
AVX2	3760	2419	4839221
AVX2	3776	2383	4766383
AVX2	3792	2395	4790205
AVX2	3808	2432	4864873
AVX2	3824	2443	4887566
AVX2	3840	2491	4983071
AVX2	3856	3086	6173336
AVX2	3872	4055	8110249
AVX2	3888	2607	5215611
AVX2	3904	2781	5562324
AVX2	3920	2593	5186061
AVX2	3936	2519	5039186
AVX2	3952	2910	5820423
AVX2	3968	2573	5146657
AVX2	3984	2591	5182849
AVX2	4000	2652	5304398
AVX2	4016	2563	5127345
AVX2	4032	2560	5121254
AVX2	4048	3019	6038328
AVX2	4064	2986	5972574
AVX2	4080	3098	6197573
AVX2	4096	2620	5240602
AVX2	4112	2630	5261102
AVX2	4128	2632	5264667
AVX2	4144	2792	5585733
AVX2	4160	2659	5319410
AVX2	4176	2687	5375929
AVX2	4192	2690	5380089
AVX2	4208	2848	5697534
AVX2	4224	2725	5451023
AVX2	4240	3579	7158472
AVX2	4256	3664	7328804
AVX2	4272	2726	5453492
AVX2	4288	2680	5360965
AVX2	4304	2703	5407816
AVX2	4320	3101	6203277
AVX2	4336	2745	5490650
AVX2	4352	2732	5464617
AVX2	4368	2798	5596118
AVX2	4384	2759	5518971
AVX2	4400	2752	5505505
AVX2	4416	2777	5554349
AVX2	4432	2780	5560446
AVX2	4448	2839	5679821
AVX2	4464	3760	7520007
AVX2	4480	2871	5742907
AVX2	4496	2891	5783271
AVX2	4512	3021	6043945
AVX2	4528	3312	6625361
AVX2	4544	2913	5827373
AVX2	4560	2926	5853277
AVX2	4576	3331	6663506
AVX2	4592	3322	6644991
AVX2	4608	2925	5850460
AVX2	4624	3304	6609983
AVX2	4640	2961	5922999
AVX2	4656	3401	6803353
AVX2	4672	3001	6003209
AVX2	4688	3091	6182253
AVX2	4704	2966	5932407
AVX2	4720	3391	6782847
AVX2	4736	3040	6080627
AVX2	4752	3030	6060541
AVX2	4768	3012	6024209
AVX2	4784	3072	6144067
AVX2	4800	3124	6248489
AVX2	4816	3071	6142169
AVX2	4832	3082	6164145
AVX2	4848	3082	6164538
AVX2	4864	3106	6212829
AVX2	4880	3110	6220388
AVX2	4896	3085	6171814
AVX2	4912	3164	6328983
AVX2	4928	3557	7114685
AVX2	4944	3584	7168506
AVX2	4960	3198	6396903
AVX2	4976	3156	6312740
AVX2	4992	3225	6451405
AVX2	5008	3591	7182439
AVX2	5024	3759	7518997
AVX2	5040	3277	6554576
AVX2	5056	3172	6344410
AVX2	5072	3190	6380409
AVX2	5088	3589	7178716
AVX2	5104	3356	6712774
AVX2	5120	3257	6514703
AVX2	5136	3712	7425662
AVX2	5152	3553	7107993
AVX2	5168	3321	6642352
AVX2	5184	3361	6723134
AVX2	5200	3393	6786811
AVX2	5216	3263	6526449
AVX2	5232	3640	7280628
AVX2	5248	3382	6765993
AVX2	5264	3705	7411156
AVX2	5280	3435	6870289
AVX2	5296	3364	6728523
AVX2	5312	3607	7215004
AVX2	5328	3453	6907077
AVX2	5344	3428	6857308
AVX2	5360	3446	6893108
AVX2	5376	3475	6950166
AVX2	5392	3883	7766978
AVX2	5408	3490	6981529
AVX2	5424	3604	7208834
AVX2	5440	3481	6963582
AVX2	5456	3571	7142836
AVX2	5472	3584	7169047
AVX2	5488	3563	7127679
AVX2	5504	3661	7323330
AVX2	5520	3814	7628569
AVX2	5536	3700	7400617
AVX2	5552	3705	7411919
AVX2	5568	3799	7599521
AVX2	5584	4156	8312330
AVX2	5600	3817	7634999
AVX2	5616	4370	8740710
AVX2	5632	4691	9383132
AVX2	5648	3971	7942584
AVX2	5664	3995	7991262
AVX2	5680	4066	8133554
AVX2	5696	4046	8093411
AVX2	5712	4578	9156038
AVX2	5728	4153	8306864
AVX2	5744	4633	9267960
AVX2	5760	4206	8413455
AVX2	5776	4285	8570313
AVX2	5792	4389	8779288
AVX2	5808	4337	8674441
AVX2	5824	4401	8802465
AVX2	5840	4353	8706675
AVX2	5856	4477	8954819
AVX2	5872	4732	9464684
AVX2	5888	4694	9389299
AVX2	5904	4634	9268337
AVX2	5920	4606	9212760
AVX2	5936	4609	9219980
AVX2	5952	4798	9596116
AVX2	5968	4731	9462061
AVX2	5984	5067	10134550
AVX2	6000	4914	9829346
AVX2	6016	5021	10042873
AVX2	6032	4915	9831274
AVX2	6048	5344	10688431
AVX2	6064	4840	9681333
AVX2	6080	4700	9400102
AVX2	6096	4703	9407216
AVX2	6112	4716	9432221
AVX2	6128	4777	9554155
AVX2	6144	4788	9577271
AVX2	6160	4537	9074891
AVX2	6176	5111	10223177
AVX2	6192	5018	10037167
AVX2	6208	4643	9287937
AVX2	6224	4713	9426786
AVX2	6240	5141	10282103
AVX2	6256	5668	11336382
AVX2	6272	5112	10225984
AVX2	6288	5259	10519368
AVX2	6304	5327	10655692
AVX2	6320	5266	10533280
AVX2	6336	6051	12102653
AVX2	6352	5302	10604511
AVX2	6368	7319	14639752
AVX2	6384	5346	10692867
AVX2	6400	5503	11006504
AVX2	6416	6167	12334669
AVX2	6432	5415	10830622
AVX2	6448	5455	10910801
AVX2	6464	5690	11380957
AVX2	6480	5407	10815037
AVX2	6496	5696	11393685
AVX2	6512	5665	11330216
AVX2	6528	5415	10831639
AVX2	6544	5494	10988046
AVX2	6560	5483	10967276
AVX2	6576	5775	11551549
AVX2	6592	5406	10813067
AVX2	6608	5471	10942788
AVX2	6624	5838	11677865
AVX2	6640	5634	11269817
AVX2	6656	5543	11087850
AVX2	6672	8306	16612775
AVX2	6688	7365	14730045
AVX2	6704	5692	11385374
AVX2	6720	5599	11198818
AVX2	6736	5796	11593194
AVX2	6752	5927	11854998
AVX2	6768	5626	11252589
AVX2	6784	5611	11223585
AVX2	6800	5727	11454881
AVX2	6816	5992	11984773
AVX2	6832	5525	11050312
AVX2	6848	5760	11521218
AVX2	6864	5755	11511063
AVX2	6880	6049	12098403
AVX2	6896	5773	11546555
AVX2	6912	5804	11608106
AVX2	6928	5840	11680879
AVX2	6944	5779	11559487
AVX2	6960	5820	11640655
AVX2	6976	5618	11237904
AVX2	6992	6164	12328433
AVX2	7008	5842	11684335
AVX2	7024	6117	12234563
AVX2	7040	5877	11755482
AVX2	7056	5913	11826372
AVX2	7072	5858	11717433
AVX2	7088	5903	11806009
AVX2	7104	6111	12223283
AVX2	7120	6124	12249851
AVX2	7136	6001	12002233
AVX2	7152	6103	12207600
AVX2	7168	6286	12572019
AVX2	7184	5907	11815773
AVX2	7200	6022	12044231
AVX2	7216	6045	12090954
AVX2	7232	6248	12497026
AVX2	7248	6244	12489042
AVX2	7264	5995	11991224
AVX2	7280	6017	12035198
AVX2	7296	6117	12235291
AVX2	7312	6152	12305096
AVX2	7328	6091	12182364
AVX2	7344	6250	12500144
AVX2	7360	6091	12183208
AVX2	7376	5976	11952028
AVX2	7392	6128	12257066
AVX2	7408	6202	12405637
AVX2	7424	6180	12360041
AVX2	7440	6532	13064288
AVX2	7456	6190	12380019
AVX2	7472	6290	12580307
AVX2	7488	7955	15911142
AVX2	7504	6289	12579695
AVX2	7520	6286	12573485
AVX2	7536	6609	13219042
AVX2	7552	6332	12665203
AVX2	7568	6273	12547956
AVX2	7584	6430	12860628
AVX2	7600	6380	12760815
AVX2	7616	6278	12557076
AVX2	7632	6355	12710384
AVX2	7648	6405	12811395
AVX2	7664	6549	13099772
AVX2	7680	6624	13249297
AVX2	7696	6423	12846891
AVX2	7712	6405	12811446
AVX2	7728	6857	13714554
AVX2	7744	6439	12878148
AVX2	7760	6527	13054773
AVX2	7776	6406	12813644
AVX2	7792	6475	12950900
AVX2	7808	6511	13023795
AVX2	7824	6603	13207418
AVX2	7840	6473	12947427
AVX2	7856	6974	13949642
AVX2	7872	6518	13037571
AVX2	7888	7230	14460224
AVX2	7904	6594	13188647
AVX2	7920	6657	13314987
AVX2	7936	6628	13256717
AVX2	7952	6711	13423631
AVX2	7968	6609	13218528
AVX2	7984	6638	13276212
AVX2	8000	6646	13293455
AVX2	8016	7076	14153794
AVX2	8032	7313	14627516
AVX2	8048	6945	13891093
AVX2	8064	6658	13316493
AVX2	8080	7043	14086672
AVX2	8096	7022	14045904
AVX2	8112	6793	13586102
AVX2	8128	6813	13627453
AVX2	8144	6792	13585648
AVX2	8160	7215	14431908
AVX2	8176	7334	14669256
AVX2	8192	7182	14364931
AVX2	8208	7403	14807475
AVX2	8224	6784	13569070
AVX2	8240	6887	13775629
AVX2	8256	7046	14093174
AVX2	8272	7099	14198547
AVX2	8288	7051	14102231
AVX2	8304	7343	14686250
AVX2	8320	6829	13658427
AVX2	8336	7024	14049274
AVX2	8352	6992	13984969
AVX2	8368	7057	14115489
AVX2	8384	6986	13973451
AVX2	8400	7156	14312911
AVX2	8416	7119	14238619
AVX2	8432	7143	14287770
AVX2	8448	7004	14008889
AVX2	8464	7093	14186771
AVX2	8480	7073	14146944
AVX2	8496	7107	14215879
AVX2	8512	7148	14296426
AVX2	8528	8226	16453750
AVX2	8544	7152	14304056
AVX2	8560	7332	14665673
AVX2	8576	7201	14402362
AVX2	8592	7450	14901756
AVX2	8608	7231	14462118
AVX2	8624	7221	14442409
AVX2	8640	7180	14360427
AVX2	8656	7268	14536496
AVX2	8672	7289	14578274
AVX2	8688	7357	14715869
AVX2	8704	7412	14825168
AVX2	8720	8120	16240010
AVX2	8736	7376	14752186
AVX2	8752	7454	14908950
AVX2	8768	7387	14775949
AVX2	8784	7607	15214463
AVX2	8800	7368	14737843
AVX2	8816	7350	14700240
AVX2	8832	7623	15247069
AVX2	8848	7452	14905681
AVX2	8864	7505	15010288
AVX2	8880	7406	14813287
AVX2	8896	7410	14820044
AVX2	8912	7452	14905169
AVX2	8928	7484	14969656
AVX2	8944	11483	22966416
AVX2	8960	7482	14964370
AVX2	8976	7560	15121933
AVX2	8992	7814	15628006
AVX2	9008	7483	14967421
AVX2	9024	7765	15530709
AVX2	9040	7876	15752126
AVX2	9056	7455	14911175
AVX2	9072	7491	14982032
AVX2	9088	7608	15217506
AVX2	9104	8162	16325980
AVX2	9120	7584	15169239
AVX2	9136	7630	15260143
AVX2	9152	7750	15501660
AVX2	9168	7710	15421141
AVX2	9184	7804	15609125
AVX2	9200	7953	15907308
AVX2	9216	8217	16434951
AVX2	9232	7901	15803150
AVX2	9248	7897	15795633
AVX2	9264	7719	15439112
AVX2	9280	7744	15489216
AVX2	9296	8082	16164260
AVX2	9312	7742	15484542
AVX2	9328	7737	15474469
AVX2	9344	7812	15625341
AVX2	9360	7811	15622289
AVX2	9376	7799	15598514
AVX2	9392	8116	16232260
AVX2	9408	7797	15594949
AVX2	9424	7803	15607696
AVX2	9440	8989	17978912
AVX2	9456	7850	15700710
AVX2	9472	10343	20686262
AVX2	9488	7840	15681917
AVX2	9504	7967	15934061
AVX2	9520	7924	15849870
AVX2	9536	7929	15859890
AVX2	9552	8074	16148166
AVX2	9568	7945	15891688
AVX2	9584	7994	15989103
AVX2	9600	7959	15919066
AVX2	9616	8036	16072502
AVX2	9632	7975	15951102
AVX2	9648	8003	16006827
AVX2	9664	8250	16500488
AVX2	9680	8239	16479261
AVX2	9696	8574	17148702
AVX2	9712	8105	16210403
AVX2	9728	8101	16202140
AVX2	9744	8466	16932727
AVX2	9760	8198	16397894
AVX2	9776	8132	16265983
AVX2	9792	8181	16362600
AVX2	9808	8350	16700814
AVX2	9824	8467	16935791
AVX2	9840	8514	17028516
AVX2	9856	8612	17224305
AVX2	9872	8310	16620029
AVX2	9888	8462	16925031
AVX2	9904	8065	16130902
AVX2	9920	8346	16693786
AVX2	9936	9565	19130595
AVX2	9952	8314	16628647
AVX2	9968	8419	16839041
AVX2	9984	9181	18363886
AVX2	10000	8340	16681074
AVX2	10016	8393	16787719
AVX2	10032	8305	16611951
AVX2	10048	8431	16863006
AVX2	10064	9794	19589555
AVX2	10080	8429	16859096
AVX2	10096	8427	16854000
AVX2	10112	8472	16944693
AVX2	10128	8590	17180910
AVX2	10144	8460	16920610
AVX2	10160	8462	16924707
AVX2	10176	9173	18346643
AVX2	10192	8566	17132274
AVX2	10208	8928	17857799
AVX2	10224	9081	18162216
AVX2	10240	10390	20780032
AVX2	10256	11249	22498866
AVX2	10272	9271	18542145
AVX2	10288	9080	18160738
AVX2	10304	9133	18267452
AVX2	10320	9274	18548552
AVX2	10336	8863	17727038
AVX2	10352	8994	17989519
AVX2	10368	8686	17373129
AVX2	10384	8992	17985211
AVX2	10400	8759	17518774
AVX2	10416	8785	17571822
AVX2	10432	8793	17587520
AVX2	10448	8880	17761420
AVX2	10464	9049	18098112
AVX2	10480	8890	17780753
AVX2	10496	8842	17684766
AVX2	10512	8792	17585019
AVX2	10528	8861	17723686
AVX2	10544	8942	17884818
AVX2	10560	8831	17663544
AVX2	10576	8938	17876298
AVX2	10592	8910	17821167
AVX2	10608	9156	18313809
AVX2	10624	8950	17901069
AVX2	10640	8914	17828497
AVX2	10656	8883	17766456
AVX2	10672	8979	17958482
AVX2	10688	8975	17951050
AVX2	10704	9007	18014990
AVX2	10720	8979	17958381
AVX2	10736	9598	19196343
AVX2	10752	8979	17959796
AVX2	10768	9133	18266634
AVX2	10784	9259	18519318
AVX2	10800	9026	18052427
AVX2	10816	9261	18523957
AVX2	10832	9251	18503163
AVX2	10848	9360	18721011
AVX2	10864	9040	18081181
AVX2	10880	9359	18718485
AVX2	10896	9196	18392073
AVX2	10912	9451	18903649
AVX2	10928	9073	18147168
AVX2	10944	9166	18332548
AVX2	10960	9145	18291692
AVX2	10976	9194	18388463
AVX2	10992	9185	18371811
AVX2	11008	9232	18464870
AVX2	11024	9231	18462522
AVX2	11040	9226	18452001
AVX2	11056	9698	19397444
AVX2	11072	9854	19709464
AVX2	11088	9435	18870812
AVX2	11104	9439	18879093
AVX2	11120	9271	18542719
AVX2	11136	9300	18601624
AVX2	11152	9902	19805751
AVX2	11168	9603	19206036
AVX2	11184	9392	18785318
AVX2	11200	9410	18821311
AVX2	11216	9377	18755323
AVX2	11232	9580	19161679
AVX2	11248	9678	19356358
AVX2	11264	9170	18340091
AVX2	11280	9938	19876242
AVX2	11296	9396	18793180
AVX2	11312	9485	18970132
AVX2	11328	9630	19261291
AVX2	11344	9748	19496342
AVX2	11360	10173	20347101
AVX2	11376	9423	18847593
AVX2	11392	9483	18967918
AVX2	11408	9530	19060594
AVX2	11424	9581	19163017
AVX2	11440	9644	19288008
AVX2	11456	9881	19762938
AVX2	11472	9786	19572125
AVX2	11488	9505	19011200
AVX2	11504	9641	19283169
AVX2	11520	9866	19733596
AVX2	11536	9600	19200828
AVX2	11552	9844	19688624
AVX2	11568	9566	19132324
AVX2	11584	10078	20157134
AVX2	11600	10036	20073320
AVX2	11616	9718	19437347
AVX2	11632	9808	19616994
AVX2	11648	9675	19351509
AVX2	11664	9846	19692679
AVX2	11680	9800	19601575
AVX2	11696	9917	19834122
AVX2	11712	9765	19531435
AVX2	11728	9849	19699228
AVX2	11744	10259	20518911
AVX2	11760	9890	19781828
AVX2	11776	10595	21190995
AVX2	11792	10152	20304731
AVX2	11808	10069	20138444
AVX2	11824	10021	20042877
AVX2	11840	9719	19439508
AVX2	11856	10020	20040042
AVX2	11872	10200	20400637
AVX2	11888	10493	20986011
AVX2	11904	9933	19867785
AVX2	11920	9977	19955942
AVX2	11936	10215	20431712
AVX2	11952	10073	20147567
AVX2	11968	10044	20088239
AVX2	11984	10066	20132673
AVX2	12000	10033	20067082
AVX2	12016	10057	20114091
AVX2	12032	10046	20093856
AVX2	12048	10017	20034260
AVX2	12064	9772	19544904
AVX2	12080	10103	20207369
AVX2	12096	10327	20654774
AVX2	12112	10153	20307697
AVX2	12128	10424	20849379
AVX2	12144	10140	20280775
AVX2	12160	10396	20793160
AVX2	12176	10194	20388273
AVX2	12192	10212	20425065
AVX2	12208	10169	20338561
AVX2	12224	10367	20734845
AVX2	12240	10215	20430084
AVX2	12256	10715	21430665
AVX2	12272	10857	21715582
AVX2	12288	10821	21642816
AVX2	12304	11595	23191872
AVX2	12320	10761	21523694
AVX2	12336	10687	21374966
AVX2	12352	10657	21314081
AVX2	12368	10631	21263248
AVX2	12384	10071	20142310
AVX2	12400	10325	20651111
AVX2	12416	10850	21701674
AVX2	12432	10779	21559250
AVX2	12448	10679	21358739
AVX2	12464	10464	20929296
AVX2	12480	10735	21471169
AVX2	12496	10524	21049463
AVX2	12512	10558	21117945
AVX2	12528	10700	21401702
AVX2	12544	10740	21481200
AVX2	12560	10557	21114276
AVX2	12576	10260	20520974
AVX2	12592	10265	20531743
AVX2	12608	10753	21507139
AVX2	12624	10716	21432617
AVX2	12640	10882	21765675
AVX2	12656	10550	21101014
AVX2	12672	10603	21206019
AVX2	12688	10785	21571772
AVX2	12704	10738	21477605
AVX2	12720	10659	21318235
AVX2	12736	10690	21381051
AVX2	12752	10659	21318113
AVX2	12768	10703	21406891
AVX2	12784	12159	24318995
AVX2	12800	12143	24286568
AVX2	12816	10911	21823841
AVX2	12832	10781	21562578
AVX2	12848	10825	21651457
AVX2	12864	11039	22079762
AVX2	12880	10921	21843224
AVX2	12896	11121	22242320
AVX2	12912	10859	21719134
AVX2	12928	12132	24265582
AVX2	12944	11526	23052294
AVX2	12960	10880	21761307
AVX2	12976	10928	21856400
AVX2	12992	10893	21786033
AVX2	13008	11011	22022362
AVX2	13024	10933	21866841
AVX2	13040	11249	22499410
AVX2	13056	11223	22447711
AVX2	13072	10917	21835076
AVX2	13088	10991	21982825
AVX2	13104	10950	21901081
AVX2	13120	11012	22024294
AVX2	13136	11147	22295719
AVX2	13152	10978	21957457
AVX2	13168	11098	22196577
AVX2	13184	11060	22120024
AVX2	13200	11041	22083081
AVX2	13216	11011	22023058
AVX2	13232	11031	22062040
AVX2	13248	11092	22185837
AVX2	13264	10985	21970024
AVX2	13280	11311	22622083
AVX2	13296	11468	22937132
AVX2	13312	11703	23407761
AVX2	13328	11445	22891246
AVX2	13344	11350	22700433
AVX2	13360	11300	22601654
AVX2	13376	11585	23171170
AVX2	13392	11523	23047550
AVX2	13408	11182	22364270
AVX2	13424	11330	22661349
AVX2	13440	11214	22428259
AVX2	13456	11366	22733770
AVX2	13472	11500	23000390
AVX2	13488	11303	22607618
AVX2	13504	11387	22775115
AVX2	13520	11225	22451880
AVX2	13536	11463	22927495
AVX2	13552	11386	22772889
AVX2	13568	11275	22551479
AVX2	13584	11305	22611137
AVX2	13600	11575	23150988
AVX2	13616	11660	23321302
AVX2	13632	11593	23187902
AVX2	13648	11755	23511654
AVX2	13664	11667	23334118
AVX2	13680	11311	22623726
AVX2	13696	11395	22790406
AVX2	13712	11767	23535444
AVX2	13728	11314	22628798
AVX2	13744	11383	22767198
AVX2	13760	11681	23362147
AVX2	13776	11834	23668017
AVX2	13792	11493	22986472
AVX2	13808	11474	22948869
AVX2	13824	11507	23015586
AVX2	13840	11486	22972902
AVX2	13856	11546	23093711
AVX2	13872	12642	25284336
AVX2	13888	11803	23607706
AVX2	13904	11773	23546688
AVX2	13920	11592	23185947
AVX2	13936	11813	23626328
AVX2	13952	13603	27207111
AVX2	13968	11718	23436207
AVX2	13984	11779	23559481
AVX2	14000	11786	23572878
AVX2	14016	11966	23933060
AVX2	14032	11918	23837615
AVX2	14048	12004	24009757
AVX2	14064	11691	23382543
AVX2	14080	11818	23637782
AVX2	14096	12124	24249641
AVX2	14112	12024	24049293
AVX2	14128	11891	23782506
AVX2	14144	12252	24504943
AVX2	14160	13456	26913691
AVX2	14176	22460	44920273
AVX2	14192	17896	35792204
AVX2	14208	17014	34028586
AVX2	14224	12056	24113190
AVX2	14240	12071	24142082
AVX2	14256	12207	24414654
AVX2	14272	12737	25475689
AVX2	14288	12078	24156288
AVX2	14304	13661	27322814
AVX2	14320	13233	26466650
AVX2	14336	13731	27462977
AVX2	14352	13240	26480988
AVX2	14368	12391	24782000
AVX2	14384	12588	25176810
AVX2	14400	12576	25152112
AVX2	14416	12766	25532092
AVX2	14432	12220	24441037
AVX2	14448	12349	24698377
AVX2	14464	12517	25035115
AVX2	14480	12167	24335578
AVX2	14496	12240	24481008
AVX2	14512	12259	24518220
AVX2	14528	12321	24643436
AVX2	14544	12387	24775150
AVX2	14560	12399	24798192
AVX2	14576	12378	24756799
AVX2	14592	12202	24404349
AVX2	14608	12363	24726261
AVX2	14624	12729	25459538
AVX2	14640	14858	29717374
AVX2	14656	12305	24610637
AVX2	14672	12721	25442019
AVX2	14688	12369	24739644
AVX2	14704	12885	25770983
AVX2	14720	12343	24687024
AVX2	14736	12594	25188640
AVX2	14752	12773	25547697
AVX2	14768	12982	25965208
AVX2	14784	15872	31745999
AVX2	14800	12611	25223416
AVX2	14816	12442	24885025
AVX2	14832	12642	25284410
AVX2	14848	12414	24829014
AVX2	14864	12553	25106699
AVX2	14880	13897	27795179
AVX2	14896	12691	25383012
AVX2	14912	12688	25377940
AVX2	14928	12565	25131935
AVX2	14944	13080	26160011
AVX2	14960	13096	26193588
AVX2	14976	12558	25116832
AVX2	14992	13573	27146692
AVX2	15008	13173	26346275
AVX2	15024	12988	25976136
AVX2	15040	12625	25251694
AVX2	15056	12618	25236044
AVX2	15072	13729	27459557
AVX2	15088	12956	25912153
AVX2	15104	14462	28925536
AVX2	15120	13043	26086804
AVX2	15136	12916	25833152
AVX2	15152	13172	26345022
AVX2	15168	13552	27105529
AVX2	15184	12703	25406784
AVX2	15200	13546	27092164
AVX2	15216	15883	31766243
AVX2	15232	13575	27151375
AVX2	15248	12762	25525864
AVX2	15264	12934	25869236
AVX2	15280	13095	26190857
AVX2	15296	12751	25503700
AVX2	15312	13373	26746684
AVX2	15328	13809	27619078
AVX2	15344	13362	26724402
AVX2	15360	13926	27852535
AVX2	15376	13296	26593935
AVX2	15392	13121	26243160
AVX2	15408	13191	26382557
AVX2	15424	13277	26554192
AVX2	15440	12941	25883966
AVX2	15456	15655	31311955
AVX2	15472	15097	30194683
AVX2	15488	15330	30661075
AVX2	15504	17282	34565494
AVX2	15520	15392	30784600
AVX2	15536	13260	26521147
AVX2	15552	13251	26502971
AVX2	15568	13648	27297278
AVX2	15584	13255	26511160
AVX2	15600	12997	25994239
AVX2	15616	13023	26046678
AVX2	15632	13169	26339001
AVX2	15648	13038	26077424
AVX2	15664	13032	26065667
AVX2	15680	13197	26395416
AVX2	15696	13195	26390534
AVX2	15712	13057	26115107
AVX2	15728	13444	26888008
AVX2	15744	15477	30954031
AVX2	15760	13326	26652737
AVX2	15776	13259	26518609
AVX2	15792	13489	26978810
AVX2	15808	13260	26521703
AVX2	15824	13348	26697730
AVX2	15840	13448	26896203
AVX2	15856	13846	27693747
AVX2	15872	13362	26724901
AVX2	15888	13436	26872334
AVX2	15904	13313	26627643
AVX2	15920	13379	26758885
AVX2	15936	13458	26916905
AVX2	15952	13740	27480850
AVX2	15968	13362	26725245
AVX2	15984	13668	27336451
AVX2	16000	13413	26827034
