Scala	16	12	24978
Scala	32	22	44382
Scala	48	30	60400
Scala	64	45	91070
Scala	80	33	67752
Scala	96	41	82674
Scala	112	47	94693
Scala	128	54	109726
Scala	144	61	122138
Scala	160	67	135762
Scala	176	74	149552
Scala	192	81	162879
Scala	208	88	176444
Scala	224	94	189818
Scala	240	102	204128
Scala	256	108	216983
Scala	272	115	231605
Scala	288	126	252240
Scala	304	129	258529
Scala	320	135	270688
Scala	336	143	286309
Scala	352	148	297648
Scala	368	173	347311
Scala	384	179	359820
Scala	400	170	340769
Scala	416	221	442001
Scala	432	256	513466
Scala	448	209	419184
Scala	464	197	395806
Scala	480	202	405537
Scala	496	211	422828
Scala	512	254	508284
Scala	528	231	463127
Scala	544	246	492481
Scala	560	293	587469
Scala	576	257	515496
Scala	592	296	593037
Scala	608	301	603732
Scala	624	310	620455
Scala	640	453	907469
Scala	656	457	915507
Scala	672	381	762980
Scala	688	331	662159
Scala	704	306	613707
Scala	720	355	710681
Scala	736	378	757430
Scala	752	528	1056859
Scala	768	491	983956
Scala	784	414	829064
Scala	800	552	1104615
Scala	816	503	1006568
Scala	832	414	828458
Scala	848	394	788843
Scala	864	374	748744
Scala	880	381	763315
Scala	896	395	790858
Scala	912	404	808677
Scala	928	451	902084
Scala	944	408	817363
Scala	960	421	843181
Scala	976	421	843446
Scala	992	442	885346
Scala	1008	456	912273
Scala	1024	455	910199
Scala	1040	448	896878
Scala	1056	505	1010978
Scala	1072	468	937257
Scala	1088	610	1221156
Scala	1104	562	1125015
Scala	1120	658	1316172
Scala	1136	590	1181684
Scala	1152	495	991982
Scala	1168	652	1304546
Scala	1184	542	1084774
Scala	1200	518	1036297
Scala	1216	523	1047140
Scala	1232	529	1059341
Scala	1248	593	1186900
Scala	1264	611	1222841
Scala	1280	638	1277374
Scala	1296	558	1117646
Scala	1312	565	1131624
Scala	1328	612	1224975
Scala	1344	584	1168307
Scala	1360	587	1174303
Scala	1376	645	1291347
Scala	1392	631	1263856
Scala	1408	654	1308616
Scala	1424	679	1358529
Scala	1440	665	1330887
Scala	1456	625	1250062
Scala	1472	658	1317742
Scala	1488	658	1317815
Scala	1504	687	1375385
Scala	1520	652	1305738
Scala	1536	658	1317879
Scala	1552	742	1485435
Scala	1568	672	1345371
Scala	1584	717	1434267
Scala	1600	685	1371065
Scala	1616	694	1388593
Scala	1632	805	1610766
Scala	1648	844	1688464
Scala	1664	718	1436130
Scala	1680	755	1510514
Scala	1696	732	1465642
Scala	1712	732	1465111
Scala	1728	741	1482485
Scala	1744	744	1488772
Scala	1760	753	1507605
Scala	1776	1110	2221585
Scala	1792	1123	2247585
Scala	1808	812	1624361
Scala	1824	779	1558244
Scala	1840	965	1931886
Scala	1856	962	1924041
Scala	1872	1171	2342644
Scala	1888	857	1714996
Scala	1904	1054	2108341
Scala	1920	1336	2673365
Scala	1936	1347	2694902
Scala	1952	1320	2640886
Scala	1968	917	1835525
Scala	1984	885	1770074
Scala	2000	854	1709270
Scala	2016	1084	2169670
Scala	2032	1106	2213080
Scala	2048	900	1800291
Scala	2064	1499	2998840
Scala	2080	1101	2202349
Scala	2096	911	1823574
Scala	2112	901	1802709
Scala	2128	905	1811332
Scala	2144	944	1888363
Scala	2160	923	1846238
Scala	2176	1513	3026638
Scala	2192	1127	2255333
Scala	2208	977	1954362
Scala	2224	1006	2012941
Scala	2240	955	1910376
Scala	2256	983	1966797
Scala	2272	969	1939205
Scala	2288	993	1986732
Scala	2304	1179	2358502
Scala	2320	1114	2228587
Scala	2336	993	1986962
Scala	2352	1044	2088195
Scala	2368	1009	2018926
Scala	2384	1057	2114382
Scala	2400	1027	2055819
Scala	2416	1063	2127683
Scala	2432	1072	2145187
Scala	2448	1045	2091247
Scala	2464	1060	2120019
Scala	2480	1070	2140457
Scala	2496	1065	2130315
Scala	2512	1070	2140502
Scala	2528	1084	2169048
Scala	2544	1085	2170228
Scala	2560	1095	2191437
Scala	2576	1129	2258892
Scala	2592	1107	2214424
Scala	2608	1110	2220314
Scala	2624	1252	2505522
Scala	2640	1248	2497430
Scala	2656	1167	2334212
Scala	2672	1136	2273874
Scala	2688	1146	2293708
Scala	2704	1161	2323502
Scala	2720	1158	2316095
Scala	2736	1165	2330619
Scala	2752	1331	2662427
Scala	2768	1363	2726738
Scala	2784	1187	2374849
Scala	2800	1190	2380286
Scala	2816	1221	2442087
Scala	2832	1206	2412321
Scala	2848	1264	2528068
Scala	2864	1219	2439397
Scala	2880	1366	2733969
Scala	2896	1272	2545835
Scala	2912	1274	2549227
Scala	2928	1363	2727342
Scala	2944	1411	2823204
Scala	2960	1297	2595474
Scala	2976	1395	2791408
Scala	2992	1273	2547617
Scala	3008	1280	2561972
Scala	3024	1677	3355203
Scala	3040	1339	2679512
Scala	3056	1358	2717954
Scala	3072	1356	2712878
Scala	3088	1318	2637235
Scala	3104	1449	2898527
Scala	3120	1330	2661672
Scala	3136	1472	2945909
Scala	3152	1373	2747763
Scala	3168	1480	2960929
Scala	3184	1516	3032090
Scala	3200	1359	2719612
Scala	3216	2263	4527536
Scala	3232	2271	4542740
Scala	3248	2296	4593155
Scala	3264	2277	4554997
Scala	3280	2300	4600598
Scala	3296	2309	4619512
Scala	3312	1574	3148120
Scala	3328	1419	2839871
Scala	3344	1422	2845378
Scala	3360	1472	2944805
Scala	3376	1437	2875419
Scala	3392	1605	3210324
Scala	3408	1621	3243023
Scala	3424	1646	3293758
Scala	3440	1831	3663210
Scala	3456	1630	3261579
Scala	3472	1519	3038355
Scala	3488	1485	2971244
Scala	3504	1501	3003686
Scala	3520	1540	3081998
Scala	3536	1507	3015370
Scala	3552	1510	3020341
Scala	3568	1518	3036708
Scala	3584	1566	3132860
Scala	3600	1536	3072814
Scala	3616	1535	3071554
Scala	3632	1590	3180433
Scala	3648	1577	3155039
Scala	3664	1556	3112051
Scala	3680	1564	3129455
Scala	3696	1618	3237895
Scala	3712	1577	3154100
Scala	3728	1757	3515541
Scala	3744	1593	3187410
Scala	3760	1642	3285645
Scala	3776	1603	3207628
Scala	3792	1686	3373864
Scala	3808	1635	3271450
Scala	3824	1684	3368422
Scala	3840	1667	3335845
Scala	3856	1665	3331475
Scala	3872	1648	3296004
Scala	3888	1702	3404185
Scala	3904	1665	3331355
Scala	3920	1675	3351882
Scala	3936	1678	3357780
Scala	3952	1728	3457723
Scala	3968	1944	3889962
Scala	3984	1726	3453296
Scala	4000	1756	3513616
Scala	4016	2039	4079298
Scala	4032	1762	3524408
Scala	4048	1760	3521648
Scala	4064	2982	5965821
Scala	4080	1819	3639682
Scala	4096	1792	3584889
Scala	4112	1819	3638119
Scala	4128	1889	3778656
Scala	4144	1836	3673143
Scala	4160	1801	3603692
Scala	4176	1772	3545919
Scala	4192	1775	3551573
Scala	4208	1784	3569036
Scala	4224	1833	3666656
Scala	4240	1828	3656261
Scala	4256	1836	3672511
Scala	4272	1813	3626037
Scala	4288	1822	3644314
Scala	4304	1874	3748012
Scala	4320	1836	3673286
Scala	4336	1874	3748157
Scala	4352	1846	3693405
Scala	4368	1858	3717260
Scala	4384	1911	3823031
Scala	4400	1894	3789659
Scala	4416	1875	3750457
Scala	4432	2089	4178602
Scala	4448	1890	3781811
Scala	4464	1890	3781752
Scala	4480	1943	3887151
Scala	4496	1941	3883164
Scala	4512	2124	4248351
Scala	4528	1966	3932686
Scala	4544	2026	4052392
Scala	4560	1938	3876739
Scala	4576	1986	3972801
Scala	4592	2044	4088677
Scala	4608	1959	3918042
Scala	4624	2002	4004877
Scala	4640	2010	4021294
Scala	4656	2170	4340590
Scala	4672	2130	4260648
Scala	4688	2034	4069913
Scala	4704	2034	4069903
Scala	4720	2016	4032938
Scala	4736	2020	4040757
Scala	4752	2057	4114353
Scala	4768	2032	4064163
Scala	4784	2075	4150265
Scala	4800	2041	4082214
Scala	4816	2056	4113441
Scala	4832	2088	4177094
Scala	4848	2100	4201323
Scala	4864	2105	4210734
Scala	4880	2145	4291147
Scala	4896	2081	4163137
Scala	4912	2089	4178880
Scala	4928	2094	4189857
Scala	4944	2132	4264832
Scala	4960	2106	4212844
Scala	4976	2115	4231730
Scala	4992	2119	4239688
Scala	5008	2252	4505933
Scala	5024	2170	4340431
Scala	5040	2196	4393153
Scala	5056	2192	4385198
Scala	5072	2197	4394419
Scala	5088	2345	4691518
Scala	5104	2291	4583943
Scala	5120	2498	4996846
Scala	5136	2221	4443299
Scala	5152	2263	4526012
Scala	5168	2238	4476917
Scala	5184	2223	4446720
Scala	5200	2200	4401975
Scala	5216	2245	4490449
Scala	5232	2234	4469186
Scala	5248	2232	4465520
Scala	5264	2242	4484328
Scala	5280	2265	4531527
Scala	5296	2252	4504594
Scala	5312	2257	4514700
Scala	5328	2293	4586929
Scala	5344	2270	4540447
Scala	5360	2341	4683221
Scala	5376	2289	4578859
Scala	5392	2322	4644120
Scala	5408	2292	4585720
Scala	5424	2301	4602776
Scala	5440	2319	4638400
Scala	5456	2325	4650529
Scala	5472	2336	4673629
Scala	5488	2405	4811898
Scala	5504	2345	4691469
Scala	5520	2351	4703495
Scala	5536	2360	4720283
Scala	5552	2371	4742813
Scala	5568	2425	4850598
Scala	5584	2377	4754933
Scala	5600	2385	4770349
Scala	5616	2394	4788299
Scala	5632	2398	4797499
Scala	5648	2464	4929731
Scala	5664	2415	4831513
Scala	5680	2417	4835361
Scala	5696	2464	4929226
Scala	5712	2438	4876887
Scala	5728	2702	5404383
Scala	5744	2461	4923478
Scala	5760	2509	5018392
Scala	5776	2458	4916609
Scala	5792	2788	5576227
Scala	5808	2623	5247679
Scala	5824	2534	5069316
Scala	5840	2495	4990859
Scala	5856	2497	4995417
Scala	5872	2500	5001773
Scala	5888	2517	5034661
Scala	5904	2520	5041201
Scala	5920	2526	5053785
Scala	5936	2636	5272875
Scala	5952	2580	5160016
Scala	5968	2676	5352648
Scala	5984	2636	5272026
Scala	6000	2554	5109348
Scala	6016	2564	5129102
Scala	6032	2703	5407028
Scala	6048	2656	5313233
Scala	6064	2611	5222958
Scala	6080	2674	5349397
Scala	6096	2647	5295617
Scala	6112	2748	5496097
Scala	6128	2801	5602578
Scala	6144	2857	5715151
Scala	6160	2711	5422308
Scala	6176	2853	5707315
Scala	6192	2889	5779452
Scala	6208	2742	5484131
Scala	6224	2735	5471434
Scala	6240	2761	5522905
Scala	6256	2728	5456910
Scala	6272	2763	5527021
Scala	6288	2703	5407593
Scala	6304	2699	5398105
Scala	6320	2717	5434692
Scala	6336	2759	5519223
Scala	6352	2775	5550396
Scala	6368	2767	5535691
Scala	6384	3054	6109563
Scala	6400	2742	5484663
Scala	6416	2898	5796411
Scala	6432	2852	5705874
Scala	6448	2818	5636892
Scala	6464	2841	5683573
Scala	6480	2895	5790960
Scala	6496	2870	5741929
Scala	6512	2884	5769564
Scala	6528	2868	5736554
Scala	6544	2798	5596552
Scala	6560	2805	5611178
Scala	6576	2811	5623660
Scala	6592	2966	5932454
Scala	6608	2907	5814505
Scala	6624	2884	5769558
Scala	6640	2873	5747310
Scala	6656	2857	5715005
Scala	6672	4369	8739744
Scala	6688	3845	7691733
Scala	6704	4194	8389070
Scala	6720	3891	7783863
Scala	6736	3634	7268066
Scala	6752	2980	5960879
Scala	6768	3172	6344803
Scala	6784	2926	5853628
Scala	6800	3001	6003293
Scala	6816	3409	6819517
Scala	6832	2922	5844687
Scala	6848	3006	6012665
Scala	6864	3158	6317758
Scala	6880	2980	5960876
Scala	6896	2946	5892557
Scala	6912	2950	5901394
Scala	6928	3060	6120607
Scala	6944	3104	6208794
Scala	6960	3011	6022027
Scala	6976	4368	8737875
Scala	6992	3320	6641992
Scala	7008	3137	6274186
Scala	7024	3100	6200955
Scala	7040	3037	6074408
Scala	7056	3050	6100780
Scala	7072	3134	6269084
Scala	7088	3026	6053763
Scala	7104	3069	6138033
Scala	7120	3087	6175473
Scala	7136	3228	6456650
Scala	7152	3161	6323797
Scala	7168	3204	6408237
Scala	7184	3129	6259974
Scala	7200	3154	6308934
Scala	7216	3129	6258744
Scala	7232	3318	6637239
Scala	7248	3165	6331734
Scala	7264	3338	6676139
Scala	7280	3256	6513610
Scala	7296	3123	6247271
Scala	7312	3123	6247425
Scala	7328	3185	6371595
Scala	7344	3228	6456338
Scala	7360	3166	6332895
Scala	7376	3548	7097364
Scala	7392	3195	6390967
Scala	7408	3227	6455794
Scala	7424	3227	6455096
Scala	7440	3271	6542349
Scala	7456	3258	6516279
Scala	7472	3250	6500853
Scala	7488	3314	6628232
Scala	7504	3215	6431942
Scala	7520	3264	6529494
Scala	7536	3307	6615791
Scala	7552	3285	6571391
Scala	7568	3309	6619728
Scala	7584	3292	6584475
Scala	7600	3379	6759248
Scala	7616	3314	6629269
Scala	7632	3692	7385772
Scala	7648	3328	6656740
Scala	7664	3305	6611348
Scala	7680	3279	6558792
Scala	7696	3343	6687895
Scala	7712	3294	6589024
Scala	7728	3450	6900709
Scala	7744	3397	6794885
Scala	7760	3324	6648137
Scala	7776	3391	6783186
Scala	7792	3413	6826248
Scala	7808	3346	6693716
Scala	7824	3378	6756126
Scala	7840	3788	7577348
Scala	7856	3432	6864654
Scala	7872	3491	6983632
Scala	7888	3401	6803166
Scala	7904	3666	7332110
Scala	7920	3425	6850792
Scala	7936	3424	6848577
Scala	7952	3452	6904453
Scala	7968	3453	6906937
Scala	7984	3592	7184394
Scala	8000	3466	6933247
Scala	8016	3458	6917385
Scala	8032	4047	8095533
Scala	8048	3513	7026271
Scala	8064	3499	6999714
Scala	8080	3484	6968865
Scala	8096	3546	7092102
Scala	8112	3492	6984616
Scala	8128	3629	7258150
Scala	8144	3632	7264932
Scala	8160	4380	8760904
Scala	8176	3707	7414950
Scala	8192	4070	8140374
Scala	8208	3831	7662666
Scala	8224	4020	8041185
Scala	8240	3818	7636435
Scala	8256	3644	7288754
Scala	8272	3606	7213045
Scala	8288	3578	7156133
Scala	8304	3577	7154249
Scala	8320	3606	7213484
Scala	8336	3626	7253016
Scala	8352	3640	7280687
Scala	8368	3685	7371401
Scala	8384	3690	7381573
Scala	8400	3676	7353727
Scala	8416	3654	7309492
Scala	8432	3859	7719440
Scala	8448	3657	7314668
Scala	8464	3629	7259979
Scala	8480	3759	7518309
Scala	8496	3765	7530141
Scala	8512	3680	7360042
Scala	8528	3676	7353463
Scala	8544	3790	7581460
Scala	8560	3727	7454054
Scala	8576	3718	7436630
Scala	8592	3749	7498980
Scala	8608	3770	7540238
Scala	8624	3736	7472902
Scala	8640	4029	8058310
Scala	8656	3723	7447021
Scala	8672	3859	7719230
Scala	8688	3807	7614467
Scala	8704	3716	7433162
Scala	8720	3804	7609859
Scala	8736	3739	7479651
Scala	8752	3767	7534464
Scala	8768	3801	7603083
Scala	8784	3794	7588113
Scala	8800	3759	7518356
Scala	8816	3802	7604034
Scala	8832	3799	7598932
Scala	8848	4018	8036612
Scala	8864	3965	7930571
Scala	8880	3831	7662435
Scala	8896	3863	7727889
Scala	8912	3852	7705146
Scala	8928	3894	7789371
Scala	8944	3892	7785722
Scala	8960	3866	7732174
Scala	8976	3895	7791080
Scala	8992	3881	7763597
Scala	9008	3878	7756513
Scala	9024	4028	8057742
Scala	9040	3933	7866242
Scala	9056	3866	7732421
Scala	9072	4062	8125472
Scala	9088	3950	7900413
Scala	9104	3910	7820411
Scala	9120	4095	8190027
Scala	9136	4336	8673597
Scala	9152	4077	8154717
Scala	9168	4034	8069565
Scala	9184	4106	8212052
Scala	9200	4572	9144313
Scala	9216	4197	8394693
Scala	9232	4138	8276210
Scala	9248	4037	8075109
Scala	9264	4021	8043755
Scala	9280	4029	8059641
Scala	9296	4055	8111661
Scala	9312	4037	8074281
Scala	9328	4030	8061637
Scala	9344	4085	8170195
Scala	9360	4044	8088814
Scala	9376	4062	8124067
Scala	9392	4105	8211638
Scala	9408	4061	8123033
Scala	9424	4228	8456795
Scala	9440	4101	8203276
Scala	9456	5527	11054767
Scala	9472	6065	12130226
Scala	9488	4317	8635577
Scala	9504	4135	8271147
Scala	9520	4182	8365718
Scala	9536	4215	8431075
Scala	9552	4106	8213207
Scala	9568	4086	8172210
Scala	9584	4136	8273482
Scala	9600	4160	8320199
Scala	9616	4187	8374282
Scala	9632	4267	8534511
Scala	9648	4198	8397450
Scala	9664	4190	8380715
Scala	9680	4176	8353945
Scala	9696	4211	8423608
Scala	9712	4236	8472152
Scala	9728	4238	8476779
Scala	9744	4241	8483271
Scala	9760	4198	8397822
Scala	9776	4291	8583604
Scala	9792	4256	8512412
Scala	9808	4241	8483322
Scala	9824	4314	8629376
Scala	9840	4268	8536219
Scala	9856	4272	8545092
Scala	9872	4295	8591300
Scala	9888	4311	8623133
Scala	9904	4227	8455084
Scala	9920	4267	8535524
Scala	9936	4271	8542673
Scala	9952	4294	8588347
Scala	9968	4280	8561604
Scala	9984	4301	8603352
Scala	10000	4363	8726610
Scala	10016	4469	8939368
Scala	10032	4338	8677600
Scala	10048	4319	8639654
Scala	10064	4359	8719402
Scala	10080	4362	8725496
Scala	10096	4362	8724224
Scala	10112	4374	8749835
Scala	10128	4429	8858842
Scala	10144	4410	8821110
Scala	10160	4405	8810033
Scala	10176	4544	9089466
Scala	10192	4669	9338758
Scala	10208	4595	9191859
Scala	10224	4589	9178375
Scala	10240	7321	14643823
Scala	10256	4766	9532607
Scala	10272	4950	9900580
Scala	10288	4828	9657173
Scala	10304	4493	8987431
Scala	10320	4553	9106495
Scala	10336	6658	13317765
Scala	10352	4679	9358069
Scala	10368	4459	8919485
Scala	10384	4527	9055776
Scala	10400	4517	9034688
Scala	10416	4517	9034156
Scala	10432	4518	9036783
Scala	10448	4484	8968140
Scala	10464	4549	9099200
Scala	10480	4504	9008335
Scala	10496	4533	9067719
Scala	10512	4524	9048761
Scala	10528	4561	9122170
Scala	10544	4636	9273540
Scala	10560	4547	9095644
Scala	10576	4603	9207090
Scala	10592	4543	9087142
Scala	10608	4544	9089440
Scala	10624	4600	9200265
Scala	10640	4606	9212135
Scala	10656	4630	9261646
Scala	10672	4618	9236297
Scala	10688	6377	12754613
Scala	10704	4605	9211627
Scala	10720	4635	9270673
Scala	10736	4669	9339723
Scala	10752	4584	9169127
Scala	10768	4671	9342219
Scala	10784	4635	9270578
Scala	10800	4862	9724419
Scala	10816	4670	9341619
Scala	10832	4682	9365381
Scala	10848	4627	9255341
Scala	10864	4704	9408797
Scala	10880	4733	9466336
Scala	10896	4699	9399395
Scala	10912	4707	9415290
Scala	10928	4700	9400726
Scala	10944	4745	9491716
Scala	10960	4781	9562609
Scala	10976	4721	9443042
Scala	10992	4788	9576163
Scala	11008	4784	9568806
Scala	11024	4748	9496020
Scala	11040	4743	9487204
Scala	11056	4743	9487885
Scala	11072	4815	9630272
Scala	11088	5573	11147506
Scala	11104	4779	9559219
Scala	11120	5080	10160497
Scala	11136	4811	9623117
Scala	11152	4826	9652579
Scala	11168	4800	9601595
Scala	11184	4829	9659734
Scala	11200	4867	9734567
Scala	11216	4937	9875893
Scala	11232	5092	10184955
Scala	11248	5025	10051745
Scala	11264	5073	10147835
Scala	11280	5495	10990411
Scala	11296	4902	9804131
Scala	11312	4984	9968091
Scala	11328	4904	9808787
Scala	11344	4904	9808154
Scala	11360	4886	9773415
Scala	11376	7106	14213627
Scala	11392	4902	9804832
Scala	11408	4934	9868191
Scala	11424	5122	10244603
Scala	11440	5006	10013304
Scala	11456	4974	9948164
Scala	11472	7292	14585904
Scala	11488	4960	9920892
Scala	11504	4969	9939530
Scala	11520	5006	10013857
Scala	11536	4985	9970106
Scala	11552	4947	9895178
Scala	11568	5009	10019019
Scala	11584	5232	10465173
Scala	11600	5006	10012306
Scala	11616	5054	10109329
Scala	11632	4984	9969975
Scala	11648	5001	10002667
Scala	11664	5033	10066986
Scala	11680	5080	10161837
Scala	11696	5074	10148689
Scala	11712	5189	10378015
Scala	11728	5051	10103526
Scala	11744	5045	10091227
Scala	11760	5074	10149072
Scala	11776	5122	10245112
Scala	11792	5344	10689699
Scala	11808	5068	10137685
Scala	11824	5095	10190220
Scala	11840	5086	10173087
Scala	11856	5108	10217864
Scala	11872	5142	10284980
Scala	11888	5158	10316128
Scala	11904	5131	10263320
Scala	11920	5115	10231338
Scala	11936	5131	10263487
Scala	11952	5155	10311977
Scala	11968	5174	10349822
Scala	11984	5215	10431901
Scala	12000	5159	10319994
Scala	12016	5179	10359191
Scala	12032	5185	10371764
Scala	12048	5206	10413520
Scala	12064	5213	10427373
Scala	12080	5262	10524752
Scala	12096	7658	15316868
Scala	12112	5225	10450695
Scala	12128	5204	10409288
Scala	12144	5207	10414851
Scala	12160	5237	10474057
Scala	12176	5311	10623644
Scala	12192	5313	10627867
Scala	12208	5291	10582309
Scala	12224	5275	10551843
Scala	12240	5613	11227612
Scala	12256	8500	17000547
Scala	12272	5503	11007595
Scala	12288	5868	11736771
Scala	12304	5677	11354379
Scala	12320	8297	16594502
Scala	12336	5782	11564503
Scala	12352	5465	10931499
Scala	12368	5466	10932278
Scala	12384	5510	11021696
Scala	12400	5384	10769325
Scala	12416	5339	10678797
Scala	12432	5358	10717741
Scala	12448	5530	11061482
Scala	12464	5402	10804750
Scala	12480	5493	10987665
Scala	12496	5487	10975200
Scala	12512	5508	11016218
Scala	12528	5594	11189386
Scala	12544	5671	11343262
Scala	12560	5581	11163986
Scala	12576	5421	10842443
Scala	12592	5472	10944065
Scala	12608	5573	11146952
Scala	12624	5669	11338577
Scala	12640	5459	10919382
Scala	12656	5512	11024101
Scala	12672	6093	12186220
Scala	12688	5437	10874805
Scala	12704	7029	14059361
Scala	12720	5509	11018459
Scala	12736	5457	10915932
Scala	12752	5569	11138227
Scala	12768	5509	11019843
Scala	12784	5587	11175967
Scala	12800	5615	11231644
Scala	12816	5531	11062171
Scala	12832	7979	15959942
Scala	12848	5545	11090053
Scala	12864	5561	11123433
Scala	12880	7857	15715722
Scala	12896	5534	11068476
Scala	12912	6069	12138194
Scala	12928	6032	12065920
Scala	12944	5618	11236647
Scala	12960	5637	11275074
Scala	12976	5605	11211310
Scala	12992	5610	11220079
Scala	13008	5581	11162609
Scala	13024	5588	11177025
Scala	13040	5597	11195775
Scala	13056	5628	11257616
Scala	13072	5652	11304948
Scala	13088	5648	11296940
Scala	13104	5652	11305962
Scala	13120	5628	11257302
Scala	13136	5690	11380122
Scala	13152	5731	11463207
Scala	13168	5877	11755069
Scala	13184	5661	11322685
Scala	13200	5664	11328158
Scala	13216	6681	13362268
Scala	13232	5734	11469180
Scala	13248	5710	11420638
Scala	13264	5707	11414009
Scala	13280	5876	11753518
Scala	13296	5941	11882360
Scala	13312	6136	12272624
Scala	13328	5865	11730951
Scala	13344	5764	11528837
Scala	13360	5775	11551104
Scala	13376	5757	11514503
Scala	13392	5736	11472008
Scala	13408	5777	11555283
Scala	13424	5790	11580950
Scala	13440	7077	14154869
Scala	13456	7328	14657796
Scala	13472	5942	11885269
Scala	13488	6109	12219967
Scala	13504	6151	12303337
Scala	13520	6031	12063102
Scala	13536	5894	11788156
Scala	13552	5858	11716173
Scala	13568	5964	11928666
Scala	13584	5822	11644155
Scala	13600	6072	12145289
Scala	13616	5835	11671932
Scala	13632	5874	11749061
Scala	13648	5941	11883625
Scala	13664	5924	11849133
Scala	13680	5894	11788100
Scala	13696	5929	11858223
Scala	13712	5976	11953344
Scala	13728	5887	11775035
Scala	13744	5916	11832133
Scala	13760	5984	11968730
Scala	13776	6257	12514622
Scala	13792	5974	11949543
Scala	13808	6284	12568789
Scala	13824	5997	11995264
Scala	13840	6275	12551608
Scala	13856	6203	12406371
Scala	13872	6338	12677591
Scala	13888	6248	12497754
Scala	13904	6308	12617296
Scala	13920	6271	12543169
Scala	13936	6211	12422066
Scala	13952	6026	12052025
Scala	13968	6034	12069890
Scala	13984	6087	12175271
Scala	14000	6022	12044216
Scala	14016	6102	12205288
Scala	14032	6045	12090841
Scala	14048	6074	12148234
Scala	14064	6059	12118523
Scala	14080	6034	12068938
Scala	14096	6069	12139287
Scala	14112	6078	12156584
Scala	14128	6079	12158613
Scala	14144	6121	12242886
Scala	14160	6845	13691054
Scala	14176	6156	12313876
Scala	14192	6488	12976984
Scala	14208	6091	12182739
Scala	14224	6191	12382790
Scala	14240	6227	12455418
Scala	14256	6218	12436080
Scala	14272	6209	12418878
Scala	14288	6516	13033398
Scala	14304	6417	12835261
Scala	14320	6459	12919462
Scala	14336	6792	13585977
Scala	14352	6623	13246376
Scala	14368	6891	13783385
Scala	14384	6667	13334086
Scala	14400	6290	12581816
Scala	14416	7235	14471627
Scala	14432	6228	12456320
Scala	14448	6218	12437996
Scala	14464	6233	12467796
Scala	14480	6231	12463515
Scala	14496	6314	12629939
Scala	14512	6399	12798517
Scala	14528	6309	12619806
Scala	14544	6320	12641940
Scala	14560	6617	13235979
Scala	14576	6268	12536457
Scala	14592	6362	12725946
Scala	14608	6552	13104624
Scala	14624	6448	12897487
Scala	14640	6310	12620231
Scala	14656	6387	12774394
Scala	14672	6332	12665438
Scala	14688	6333	12666362
Scala	14704	6295	12591797
Scala	14720	6338	12676013
Scala	14736	6334	12669200
Scala	14752	6359	12719393
Scala	14768	6387	12775814
Scala	14784	6343	12687471
Scala	14800	6364	12729529
Scala	14816	6411	12823976
Scala	14832	6371	12743640
Scala	14848	6416	12832822
Scala	14864	6421	12843150
Scala	14880	6478	12956041
Scala	14896	6412	12824968
Scala	14912	7329	14659521
Scala	14928	6451	12903194
Scala	14944	6529	13059531
Scala	14960	6408	12817269
Scala	14976	6455	12911790
Scala	14992	6447	12894957
Scala	15008	6494	12988598
Scala	15024	6461	12923655
Scala	15040	6476	12953568
Scala	15056	6472	12944949
Scala	15072	6508	13017508
Scala	15088	6457	12914373
Scala	15104	6463	12926356
Scala	15120	6730	13460105
Scala	15136	6625	13251038
Scala	15152	6742	13484705
Scala	15168	6582	13164296
Scala	15184	6560	13120619
Scala	15200	7014	14029647
Scala	15216	6537	13074630
Scala	15232	6586	13172678
Scala	15248	6590	13181539
Scala	15264	6606	13213129
Scala	15280	6942	13884429
Scala	15296	6573	13147062
Scala	15312	6918	13836148
Scala	15328	6848	13696467
Scala	15344	6889	13778128
Scala	15360	7123	14246290
Scala	15376	6734	13469417
Scala	15392	6603	13206295
Scala	15408	7025	14051526
Scala	15424	6707	13414834
Scala	15440	6636	13273065
Scala	15456	6743	13486988
Scala	15472	6734	13468544
Scala	15488	6669	13338814
Scala	15504	6697	13394446
Scala	15520	6650	13300105
Scala	15536	6677	13354806
Scala	15552	6698	13396686
Scala	15568	6695	13391462
Scala	15584	6713	13426215
Scala	15600	6672	13345432
Scala	15616	6752	13504180
Scala	15632	6762	13524508
Scala	15648	6798	13597477
Scala	15664	6765	13531045
Scala	15680	6790	13581199
Scala	15696	6775	13551197
Scala	15712	6839	13679203
Scala	15728	6795	13590589
Scala	15744	6767	13535918
Scala	15760	6795	13590036
Scala	15776	6756	13512155
Scala	15792	6825	13650041
Scala	15808	6799	13598684
Scala	15824	6764	13529989
Scala	15840	6789	13578885
Scala	15856	6843	13687696
Scala	15872	6925	13851103
Scala	15888	6828	13657235
Scala	15904	6829	13659520
Scala	15920	6908	13817796
Scala	15936	6890	13780794
Scala	15952	6864	13729981
Scala	15968	6831	13662421
Scala	15984	7569	15139089
Scala	16000	6941	13882916
