SSE4	16	5	11224
SSE4	32	8	16597
SSE4	48	12	24412
SSE4	64	15	31760
SSE4	80	19	38037
SSE4	96	22	44004
SSE4	112	25	50862
SSE4	128	29	58023
SSE4	144	32	65220
SSE4	160	35	71861
SSE4	176	53	107028
SSE4	192	60	121752
SSE4	208	57	115856
SSE4	224	55	111222
SSE4	240	59	118699
SSE4	256	63	126877
SSE4	272	72	144984
SSE4	288	93	187164
SSE4	304	85	170022
SSE4	320	85	170818
SSE4	336	135	270663
SSE4	352	143	287820
SSE4	368	134	268123
SSE4	384	99	199228
SSE4	400	103	206271
SSE4	416	127	254696
SSE4	432	163	326211
SSE4	448	147	294880
SSE4	464	160	321949
SSE4	480	179	358089
SSE4	496	137	275528
SSE4	512	128	257343
SSE4	528	131	263204
SSE4	544	135	270914
SSE4	560	138	277422
SSE4	576	142	284065
SSE4	592	146	292514
SSE4	608	149	298673
SSE4	624	153	306345
SSE4	640	156	313319
SSE4	656	160	321604
SSE4	672	169	338594
SSE4	688	167	335343
SSE4	704	171	342537
SSE4	720	174	349027
SSE4	736	178	356224
SSE4	752	181	363655
SSE4	768	185	370445
SSE4	784	189	378004
SSE4	800	192	385183
SSE4	816	195	391937
SSE4	832	276	553438
SSE4	848	203	406390
SSE4	864	206	412981
SSE4	880	210	420666
SSE4	896	213	427172
SSE4	912	216	433820
SSE4	928	220	441519
SSE4	944	224	448097
SSE4	960	227	454917
SSE4	976	231	463430
SSE4	992	272	545099
SSE4	1008	276	553514
SSE4	1024	284	568799
SSE4	1040	271	543192
SSE4	1056	275	550897
SSE4	1072	278	557255
SSE4	1088	255	511725
SSE4	1104	259	518458
SSE4	1120	262	525883
SSE4	1136	266	533354
SSE4	1152	269	538806
SSE4	1168	273	546071
SSE4	1184	276	553429
SSE4	1200	280	561356
SSE4	1216	284	568295
SSE4	1232	288	576436
SSE4	1248	291	582439
SSE4	1264	294	589882
SSE4	1280	298	597067
SSE4	1296	302	604721
SSE4	1312	305	610973
SSE4	1328	309	618565
SSE4	1344	312	625120
SSE4	1360	316	632032
SSE4	1376	319	639030
SSE4	1392	323	647121
SSE4	1408	326	653605
SSE4	1424	382	765024
SSE4	1440	333	667493
SSE4	1456	337	674012
SSE4	1472	340	680983
SSE4	1488	344	688816
SSE4	1504	347	695600
SSE4	1520	350	701798
SSE4	1536	392	784157
SSE4	1552	379	759821
SSE4	1568	362	724161
SSE4	1584	365	731708
SSE4	1600	369	739223
SSE4	1616	372	745012
SSE4	1632	375	751617
SSE4	1648	379	758463
SSE4	1664	383	766471
SSE4	1680	599	1199229
SSE4	1696	494	988618
SSE4	1712	436	872786
SSE4	1728	396	793348
SSE4	1744	621	1242644
SSE4	1760	454	908553
SSE4	1776	553	1107244
SSE4	1792	594	1188380
SSE4	1808	452	904789
SSE4	1824	418	837461
SSE4	1840	422	845571
SSE4	1856	489	978230
SSE4	1872	504	1008534
SSE4	1888	433	867384
SSE4	1904	437	875603
SSE4	1920	514	1028291
SSE4	1936	475	951119
SSE4	1952	448	896444
SSE4	1968	451	902393
SSE4	1984	502	1005738
SSE4	2000	457	915780
SSE4	2016	552	1105725
SSE4	2032	544	1088701
SSE4	2048	496	993631
SSE4	2064	499	999639
SSE4	2080	520	1041766
SSE4	2096	486	973092
SSE4	2112	481	963506
SSE4	2128	525	1050076
SSE4	2144	489	979810
SSE4	2160	494	988196
SSE4	2176	496	992502
SSE4	2192	501	1002860
SSE4	2208	533	1066152
SSE4	2224	541	1083214
SSE4	2240	510	1021232
SSE4	2256	639	1278320
SSE4	2272	516	1033177
SSE4	2288	563	1127111
SSE4	2304	524	1049229
SSE4	2320	528	1056396
SSE4	2336	532	1065132
SSE4	2352	536	1073972
SSE4	2368	586	1173222
SSE4	2384	693	1386183
SSE4	2400	587	1175625
SSE4	2416	549	1098617
SSE4	2432	553	1106117
SSE4	2448	555	1110212
SSE4	2464	559	1119320
SSE4	2480	563	1127256
SSE4	2496	567	1134423
SSE4	2512	571	1143038
SSE4	2528	574	1148519
SSE4	2544	617	1235069
SSE4	2560	617	1234937
SSE4	2576	584	1168963
SSE4	2592	590	1180216
SSE4	2608	592	1184667
SSE4	2624	656	1313318
SSE4	2640	779	1559306
SSE4	2656	605	1210245
SSE4	2672	666	1332155
SSE4	2688	611	1223709
SSE4	2704	614	1229675
SSE4	2720	1067	2134028
SSE4	2736	804	1609014
SSE4	2752	626	1252285
SSE4	2768	631	1262156
SSE4	2784	633	1266833
SSE4	2800	637	1275611
SSE4	2816	640	1281702
SSE4	2832	868	1737876
SSE4	2848	648	1297489
SSE4	2864	799	1599672
SSE4	2880	683	1367736
SSE4	2896	708	1416994
SSE4	2912	662	1324357
SSE4	2928	721	1442231
SSE4	2944	669	1338733
SSE4	2960	748	1496029
SSE4	2976	674	1348990
SSE4	2992	717	1434469
SSE4	3008	679	1359907
SSE4	3024	725	1450508
SSE4	3040	725	1450354
SSE4	3056	781	1562859
SSE4	3072	704	1409022
SSE4	3088	739	1479138
SSE4	3104	701	1403893
SSE4	3120	748	1496179
SSE4	3136	872	1745882
SSE4	3152	789	1578437
SSE4	3168	740	1481156
SSE4	3184	733	1467391
SSE4	3200	723	1446866
SSE4	3216	729	1459782
SSE4	3232	732	1465562
SSE4	3248	733	1466879
SSE4	3264	736	1473243
SSE4	3280	772	1544495
SSE4	3296	778	1557216
SSE4	3312	828	1657066
SSE4	3328	915	1830619
SSE4	3344	754	1509587
SSE4	3360	803	1607953
SSE4	3376	764	1529361
SSE4	3392	806	1613922
SSE4	3408	771	1543996
SSE4	3424	819	1639367
SSE4	3440	811	1623044
SSE4	3456	782	1565146
SSE4	3472	965	1930058
SSE4	3488	873	1746351
SSE4	3504	791	1583186
SSE4	3520	907	1815313
SSE4	3536	817	1634604
SSE4	3552	803	1607602
SSE4	3568	807	1615057
SSE4	3584	971	1942644
SSE4	3600	815	1631284
SSE4	3616	853	1706640
SSE4	3632	820	1641791
SSE4	3648	900	1800380
SSE4	3664	828	1656856
SSE4	3680	831	1663628
SSE4	3696	835	1671942
SSE4	3712	837	1674679
SSE4	3728	878	1757601
SSE4	3744	845	1690794
SSE4	3760	846	1693527
SSE4	3776	851	1703844
SSE4	3792	855	1710755
SSE4	3808	895	1790912
SSE4	3824	862	1724204
SSE4	3840	959	1919921
SSE4	3856	900	1800252
SSE4	3872	966	1932785
SSE4	3888	917	1834221
SSE4	3904	880	1761038
SSE4	3920	887	1774391
SSE4	3936	888	1777740
SSE4	3952	891	1782560
SSE4	3968	987	1975040
SSE4	3984	897	1794128
SSE4	4000	981	1963908
SSE4	4016	942	1884174
SSE4	4032	909	1818814
SSE4	4048	913	1827375
SSE4	4064	1154	2308404
SSE4	4080	1027	2054315
SSE4	4096	980	1960837
SSE4	4112	983	1966025
SSE4	4128	989	1978736
SSE4	4144	945	1890268
SSE4	4160	1080	2160007
SSE4	4176	941	1882032
SSE4	4192	955	1910986
SSE4	4208	948	1896523
SSE4	4224	950	1900068
SSE4	4240	999	1998827
SSE4	4256	1219	2438046
SSE4	4272	963	1926071
SSE4	4288	1006	2013362
SSE4	4304	970	1941237
SSE4	4320	972	1945299
SSE4	4336	1034	2068890
SSE4	4352	1049	2099518
SSE4	4368	984	1969284
SSE4	4384	1035	2071612
SSE4	4400	989	1978133
SSE4	4416	994	1989369
SSE4	4432	1086	2172078
SSE4	4448	1000	2000999
SSE4	4464	1172	2344951
SSE4	4480	1009	2018319
SSE4	4496	1012	2024087
SSE4	4512	1011	2023424
SSE4	4528	1017	2035767
SSE4	4544	1023	2047736
SSE4	4560	1025	2050797
SSE4	4576	1029	2059304
SSE4	4592	1178	2357612
SSE4	4608	1325	2651976
SSE4	4624	1039	2079560
SSE4	4640	1089	2178090
SSE4	4656	1047	2095152
SSE4	4672	1047	2095241
SSE4	4688	1051	2103860
SSE4	4704	1133	2267158
SSE4	4720	1060	2120429
SSE4	4736	1066	2133239
SSE4	4752	1118	2237200
SSE4	4768	1073	2146477
SSE4	4784	1077	2154066
SSE4	4800	1118	2236074
SSE4	4816	1571	3142968
SSE4	4832	1085	2170498
SSE4	4848	1088	2176589
SSE4	4864	1090	2181638
SSE4	4880	1145	2290368
SSE4	4896	1103	2207569
SSE4	4912	1151	2302875
SSE4	4928	1151	2303383
SSE4	4944	1116	2233136
SSE4	4960	1116	2232612
SSE4	4976	1119	2238470
SSE4	4992	1213	2426502
SSE4	5008	1126	2253956
SSE4	5024	1844	3688950
SSE4	5040	1133	2267857
SSE4	5056	1137	2274893
SSE4	5072	1140	2280346
SSE4	5088	1259	2519638
SSE4	5104	1212	2424008
SSE4	5120	1169	2338318
SSE4	5136	1154	2308803
SSE4	5152	1288	2576950
SSE4	5168	1163	2326899
SSE4	5184	1256	2513369
SSE4	5200	1169	2338654
SSE4	5216	1252	2504291
SSE4	5232	1176	2353274
SSE4	5248	1178	2357778
SSE4	5264	1184	2368513
SSE4	5280	1181	2363881
SSE4	5296	1233	2466622
SSE4	5312	1191	2382060
SSE4	5328	1198	2397479
SSE4	5344	1201	2402263
SSE4	5360	1245	2491825
SSE4	5376	1338	2677411
SSE4	5392	1215	2430272
SSE4	5408	1216	2432732
SSE4	5424	1289	2579688
SSE4	5440	1249	2498231
SSE4	5456	1231	2463368
SSE4	5472	1260	2520707
SSE4	5488	1247	2494116
SSE4	5504	1320	2641309
SSE4	5520	1328	2656570
SSE4	5536	1295	2591844
SSE4	5552	2079	4158667
SSE4	5568	1928	3857706
SSE4	5584	1323	2646459
SSE4	5600	1296	2592984
SSE4	5616	1304	2608356
SSE4	5632	1311	2622274
SSE4	5648	1363	2727620
SSE4	5664	1328	2656585
SSE4	5680	1336	2673433
SSE4	5696	1344	2689250
SSE4	5712	1356	2713066
SSE4	5728	1439	2879612
SSE4	5744	1536	3073538
SSE4	5760	1471	2942924
SSE4	5776	1400	2801056
SSE4	5792	1404	2808169
SSE4	5808	1437	2875574
SSE4	5824	1442	2884336
SSE4	5840	1491	2982274
SSE4	5856	1496	2992645
SSE4	5872	1459	2918249
SSE4	5888	1553	3106640
SSE4	5904	1556	3113700
SSE4	5920	1564	3129749
SSE4	5936	1626	3253590
SSE4	5952	1612	3224018
SSE4	5968	1626	3253031
SSE4	5984	1601	3203135
SSE4	6000	1610	3220006
SSE4	6016	1559	3118339
SSE4	6032	1501	3002982
SSE4	6048	1477	2954278
SSE4	6064	1485	2971767
SSE4	6080	1527	3054631
SSE4	6096	1557	3115056
SSE4	6112	1891	3782026
SSE4	6128	1743	3486954
SSE4	6144	1774	3549413
SSE4	6160	1783	3567458
SSE4	6176	1919	3838739
SSE4	6192	1744	3488038
SSE4	6208	1665	3331634
SSE4	6224	1635	3270241
SSE4	6240	1605	3210082
SSE4	6256	1593	3187591
SSE4	6272	1617	3234709
SSE4	6288	1655	3310320
SSE4	6304	1678	3356297
SSE4	6320	1812	3625601
SSE4	6336	1914	3829459
SSE4	6352	1916	3832903
SSE4	6368	1771	3543191
SSE4	6384	1802	3604655
SSE4	6400	1830	3660966
SSE4	6416	1833	3667156
SSE4	6432	1867	3735267
SSE4	6448	1864	3728061
SSE4	6464	2021	4042147
SSE4	6480	1875	3751750
SSE4	6496	1907	3814548
SSE4	6512	1907	3814349
SSE4	6528	1911	3822517
SSE4	6544	1946	3892782
SSE4	6560	1933	3866224
SSE4	6576	1912	3825367
SSE4	6592	1981	3963610
SSE4	6608	2024	4049772
SSE4	6624	1971	3943068
SSE4	6640	1925	3851352
SSE4	6656	1969	3939957
SSE4	6672	1891	3783264
SSE4	6688	2513	5027233
SSE4	6704	2041	4082284
SSE4	6720	1894	3788381
SSE4	6736	1952	3904409
SSE4	6752	1879	3758655
SSE4	6768	1883	3767130
SSE4	6784	1904	3808168
SSE4	6800	1912	3824107
SSE4	6816	1938	3876003
SSE4	6832	1914	3829485
SSE4	6848	1927	3855773
SSE4	6864	1963	3926927
SSE4	6880	1939	3879934
SSE4	6896	1959	3918937
SSE4	6912	1996	3992970
SSE4	6928	2111	4223453
SSE4	6944	2053	4106674
SSE4	6960	2083	4166748
SSE4	6976	2090	4180693
SSE4	6992	2102	4204640
SSE4	7008	2108	4216690
SSE4	7024	2166	4332858
SSE4	7040	2145	4290722
SSE4	7056	2112	4225475
SSE4	7072	2122	4245259
SSE4	7088	2147	4294186
SSE4	7104	2142	4284161
SSE4	7120	2161	4323803
SSE4	7136	2336	4673088
SSE4	7152	2364	4728687
SSE4	7168	2284	4569914
SSE4	7184	2474	4949386
SSE4	7200	2197	4394173
SSE4	7216	2163	4326596
SSE4	7232	2141	4283487
SSE4	7248	2063	4127796
SSE4	7264	2057	4115431
SSE4	7280	2067	4134354
SSE4	7296	2103	4207706
SSE4	7312	2346	4692751
SSE4	7328	2093	4186413
SSE4	7344	2033	4067511
SSE4	7360	2144	4288803
SSE4	7376	2112	4225696
SSE4	7392	2107	4214965
SSE4	7408	2067	4134093
SSE4	7424	2107	4214125
SSE4	7440	2142	4285436
SSE4	7456	2100	4201576
SSE4	7472	2078	4157730
SSE4	7488	2118	4236728
SSE4	7504	2084	4168035
SSE4	7520	2091	4183676
SSE4	7536	2203	4407921
SSE4	7552	2128	4256669
SSE4	7568	2183	4366690
SSE4	7584	2158	4316883
SSE4	7600	2143	4286707
SSE4	7616	2161	4323939
SSE4	7632	2196	4393831
SSE4	7648	2199	4399176
SSE4	7664	2212	4425759
SSE4	7680	2266	4532671
SSE4	7696	2274	4549483
SSE4	7712	2248	4496232
SSE4	7728	2220	4440289
SSE4	7744	2247	4495980
SSE4	7760	2271	4543386
SSE4	7776	2254	4508311
SSE4	7792	2322	4645668
SSE4	7808	2288	4577507
SSE4	7824	2279	4558034
SSE4	7840	2251	4503093
SSE4	7856	2243	4486498
SSE4	7872	2247	4495798
SSE4	7888	2314	4628021
SSE4	7904	2247	4494705
SSE4	7920	2262	4525450
SSE4	7936	2256	4512682
SSE4	7952	2358	4717379
SSE4	7968	2288	4577816
SSE4	7984	2239	4478502
SSE4	8000	2278	4556528
SSE4	8016	2339	4678606
SSE4	8032	2333	4666003
SSE4	8048	2281	4562551
SSE4	8064	2270	4540459
SSE4	8080	2307	4615327
SSE4	8096	2320	4641294
SSE4	8112	2317	4634971
SSE4	8128	2337	4675094
SSE4	8144	2386	4772542
SSE4	8160	2643	5286204
SSE4	8176	2624	5249040
SSE4	8192	4269	8539088
SSE4	8208	2980	5960621
SSE4	8224	4085	8170170
SSE4	8240	4138	8276062
SSE4	8256	3720	7441592
SSE4	8272	2757	5515513
SSE4	8288	3066	6132655
SSE4	8304	2566	5133080
SSE4	8320	2651	5303454
SSE4	8336	2890	5780530
SSE4	8352	2396	4793316
SSE4	8368	2415	4831276
SSE4	8384	2676	5352319
SSE4	8400	2439	4878513
SSE4	8416	2406	4813186
SSE4	8432	2659	5318430
SSE4	8448	2395	4790591
SSE4	8464	2417	4834969
SSE4	8480	2453	4906218
SSE4	8496	2400	4800729
SSE4	8512	2427	4854206
SSE4	8528	2436	4873235
SSE4	8544	2713	5427142
SSE4	8560	2517	5034803
SSE4	8576	2459	4919687
SSE4	8592	2575	5150026
SSE4	8608	2515	5031152
SSE4	8624	2556	5113841
SSE4	8640	2491	4983002
SSE4	8656	2552	5104496
SSE4	8672	2552	5104183
SSE4	8688	2544	5089077
SSE4	8704	2495	4991932
SSE4	8720	2564	5129143
SSE4	8736	2472	4944056
SSE4	8752	2453	4907626
SSE4	8768	2524	5048359
SSE4	8784	2518	5036948
SSE4	8800	3154	6309656
SSE4	8816	2511	5023402
SSE4	8832	2481	4963210
SSE4	8848	2476	4952106
SSE4	8864	2484	4969893
SSE4	8880	2510	5020707
SSE4	8896	2599	5198553
SSE4	8912	2545	5091671
SSE4	8928	2600	5200598
SSE4	8944	2673	5347101
SSE4	8960	2547	5095596
SSE4	8976	2535	5071144
SSE4	8992	2670	5340486
SSE4	9008	2619	5239559
SSE4	9024	2651	5303263
SSE4	9040	2653	5306030
SSE4	9056	2648	5297629
SSE4	9072	2684	5369603
SSE4	9088	2742	5484898
SSE4	9104	2690	5380743
SSE4	9120	2847	5694447
SSE4	9136	2728	5457875
SSE4	9152	2708	5416388
SSE4	9168	3057	6114899
SSE4	9184	3016	6033040
SSE4	9200	3022	6045054
SSE4	9216	3049	6099187
SSE4	9232	2864	5728358
SSE4	9248	2825	5650263
SSE4	9264	2778	5557980
SSE4	9280	2707	5414083
SSE4	9296	2621	5242518
SSE4	9312	2628	5256522
SSE4	9328	2654	5308192
SSE4	9344	2683	5367597
SSE4	9360	2695	5390929
SSE4	9376	2698	5396150
SSE4	9392	2670	5341389
SSE4	9408	2705	5410095
SSE4	9424	2658	5316540
SSE4	9440	2681	5362790
SSE4	9456	2718	5437435
SSE4	9472	2675	5351968
SSE4	9488	2684	5368712
SSE4	9504	2756	5512520
SSE4	9520	2639	5279824
SSE4	9536	2671	5343191
SSE4	9552	2710	5421686
SSE4	9568	2731	5463775
SSE4	9584	2776	5552209
SSE4	9600	2683	5366341
SSE4	9616	2721	5443184
SSE4	9632	2697	5395939
SSE4	9648	2754	5509882
SSE4	9664	2836	5673268
SSE4	9680	2755	5511373
SSE4	9696	2832	5664612
SSE4	9712	2755	5511067
SSE4	9728	2783	5567358
SSE4	9744	2917	5835651
SSE4	9760	2796	5593578
SSE4	9776	2794	5588999
SSE4	9792	3118	6237317
SSE4	9808	2833	5666784
SSE4	9824	3023	6046216
SSE4	9840	2806	5613278
SSE4	9856	2901	5802647
SSE4	9872	2886	5773786
SSE4	9888	2897	5794121
SSE4	9904	2857	5715325
SSE4	9920	2858	5716423
SSE4	9936	2888	5776213
SSE4	9952	2876	5752359
SSE4	9968	2886	5773851
SSE4	9984	2952	5904939
SSE4	10000	2905	5811454
SSE4	10016	2903	5806828
SSE4	10032	2902	5805759
SSE4	10048	2822	5644169
SSE4	10064	2874	5749691
SSE4	10080	2857	5715276
SSE4	10096	2756	5512449
SSE4	10112	2923	5847082
SSE4	10128	2916	5832908
SSE4	10144	2863	5727511
SSE4	10160	2840	5680807
SSE4	10176	2968	5937767
SSE4	10192	2919	5838290
SSE4	10208	3321	6642970
SSE4	10224	3311	6623626
SSE4	10240	3258	6517484
SSE4	10256	3321	6642097
SSE4	10272	3285	6570833
SSE4	10288	3433	6866981
SSE4	10304	3417	6835308
SSE4	10320	3347	6695713
SSE4	10336	3239	6478710
SSE4	10352	3226	6453747
SSE4	10368	3231	6463924
SSE4	10384	3274	6549176
SSE4	10400	3190	6380148
SSE4	10416	3007	6015402
SSE4	10432	3016	6032318
SSE4	10448	2966	5933521
SSE4	10464	3019	6038864
SSE4	10480	2951	5903019
SSE4	10496	2990	5981997
SSE4	10512	3359	6718935
SSE4	10528	2970	5941630
SSE4	10544	2980	5960305
SSE4	10560	3076	6152426
SSE4	10576	3021	6043695
SSE4	10592	3143	6286450
SSE4	10608	3018	6036680
SSE4	10624	3006	6012320
SSE4	10640	3106	6213932
SSE4	10656	2956	5913152
SSE4	10672	3317	6635997
SSE4	10688	3063	6127353
SSE4	10704	3729	7458538
SSE4	10720	3072	6145467
SSE4	10736	3063	6127557
SSE4	10752	3094	6189807
SSE4	10768	3230	6461891
SSE4	10784	3058	6116177
SSE4	10800	4505	9010304
SSE4	10816	2980	5961182
SSE4	10832	3064	6128052
SSE4	10848	2978	5956184
SSE4	10864	3069	6139177
SSE4	10880	3064	6128904
SSE4	10896	3089	6178468
SSE4	10912	3006	6012424
SSE4	10928	3058	6117607
SSE4	10944	3069	6139167
SSE4	10960	3100	6200471
SSE4	10976	3099	6198020
SSE4	10992	3146	6293486
SSE4	11008	3112	6224635
SSE4	11024	3177	6354287
SSE4	11040	3199	6398351
SSE4	11056	4110	8221319
SSE4	11072	3860	7720660
SSE4	11088	3240	6481268
SSE4	11104	3289	6578936
SSE4	11120	3307	6615437
SSE4	11136	3296	6592887
SSE4	11152	3342	6684383
SSE4	11168	3263	6527819
SSE4	11184	3305	6611868
SSE4	11200	3307	6615247
SSE4	11216	3293	6587223
SSE4	11232	3703	7406098
SSE4	11248	3714	7429104
SSE4	11264	3610	7221272
SSE4	11280	3551	7102850
SSE4	11296	3500	7000522
SSE4	11312	3435	6870347
SSE4	11328	3309	6619317
SSE4	11344	3294	6588691
SSE4	11360	3239	6479375
SSE4	11376	3175	6351892
SSE4	11392	3427	6854360
SSE4	11408	3251	6503687
SSE4	11424	4601	9202069
SSE4	11440	3252	6505563
SSE4	11456	3284	6569053
SSE4	11472	3275	6551038
SSE4	11488	3259	6519504
SSE4	11504	3261	6522530
SSE4	11520	3248	6496217
SSE4	11536	3228	6457289
SSE4	11552	3244	6488518
SSE4	11568	3231	6462542
SSE4	11584	3322	6645809
SSE4	11600	3241	6483711
SSE4	11616	3215	6430685
SSE4	11632	3279	6558856
SSE4	11648	3265	6530481
SSE4	11664	3271	6543796
SSE4	11680	3244	6488061
SSE4	11696	3282	6565223
SSE4	11712	3284	6569840
SSE4	11728	3377	6755516
SSE4	11744	3385	6770982
SSE4	11760	3321	6643431
SSE4	11776	3363	6726637
SSE4	11792	3362	6725222
SSE4	11808	3402	6805017
SSE4	11824	3369	6739937
SSE4	11840	3467	6934194
SSE4	11856	3407	6815070
SSE4	11872	3398	6797155
SSE4	11888	3399	6798394
SSE4	11904	3431	6862793
SSE4	11920	3411	6822097
SSE4	11936	3429	6859900
SSE4	11952	3481	6962218
SSE4	11968	3765	7530031
SSE4	11984	3414	6828779
SSE4	12000	3397	6794451
SSE4	12016	3394	6788692
SSE4	12032	3422	6845124
SSE4	12048	3415	6830343
SSE4	12064	3428	6856319
SSE4	12080	3438	6876073
SSE4	12096	3425	6850421
SSE4	12112	3499	6999874
SSE4	12128	3432	6864012
SSE4	12144	3457	6915596
SSE4	12160	3438	6876207
SSE4	12176	3484	6969521
SSE4	12192	3498	6997895
SSE4	12208	3475	6951087
SSE4	12224	3426	6852833
SSE4	12240	3506	7013264
SSE4	12256	3949	7898295
SSE4	12272	3962	7925849
SSE4	12288	3999	7998702
SSE4	12304	3910	7820942
SSE4	12320	3976	7952901
SSE4	12336	4046	8092674
SSE4	12352	4170	8340176
SSE4	12368	4013	8026592
SSE4	12384	3913	7827530
SSE4	12400	3862	7725943
SSE4	12416	3863	7727013
SSE4	12432	3829	7659775
SSE4	12448	3712	7424147
SSE4	12464	3594	7188863
SSE4	12480	3580	7161470
SSE4	12496	3538	7076056
SSE4	12512	3565	7131268
SSE4	12528	3541	7083514
SSE4	12544	3574	7148595
SSE4	12560	3590	7180668
SSE4	12576	3546	7093383
SSE4	12592	3592	7185369
SSE4	12608	3535	7070077
SSE4	12624	3530	7060836
SSE4	12640	3598	7197338
SSE4	12656	3618	7237366
SSE4	12672	3635	7270735
SSE4	12688	3638	7277080
SSE4	12704	3601	7203726
SSE4	12720	3997	7994869
SSE4	12736	3606	7212807
SSE4	12752	3668	7336918
SSE4	12768	3664	7329049
SSE4	12784	3610	7220036
SSE4	12800	3570	7141157
SSE4	12816	3675	7350144
SSE4	12832	3599	7199254
SSE4	12848	3660	7320090
SSE4	12864	3626	7252779
SSE4	12880	3622	7244771
SSE4	12896	3619	7239511
SSE4	12912	3638	7276181
SSE4	12928	3606	7213778
SSE4	12944	3650	7301561
SSE4	12960	3630	7261907
SSE4	12976	3671	7343565
SSE4	12992	4481	8963814
SSE4	13008	3665	7331311
SSE4	13024	3664	7328999
SSE4	13040	3632	7264272
SSE4	13056	3741	7483867
SSE4	13072	3734	7469699
SSE4	13088	3786	7572297
SSE4	13104	3758	7517262
SSE4	13120	3808	7616535
SSE4	13136	3776	7553838
SSE4	13152	3797	7595055
SSE4	13168	3794	7589519
SSE4	13184	5433	10866957
SSE4	13200	3880	7760661
SSE4	13216	3899	7799798
SSE4	13232	3863	7726234
SSE4	13248	3875	7751619
SSE4	13264	3904	7808368
SSE4	13280	4350	8700209
SSE4	13296	4357	8714579
SSE4	13312	4328	8656933
SSE4	13328	4238	8476556
SSE4	13344	4205	8411885
SSE4	13360	4130	8260078
SSE4	13376	3899	7798687
SSE4	13392	3878	7756056
SSE4	13408	3793	7587721
SSE4	13424	3815	7630219
SSE4	13440	3815	7630548
SSE4	13456	3809	7618514
SSE4	13472	3777	7554257
SSE4	13488	3787	7575432
SSE4	13504	3852	7705800
SSE4	13520	3900	7800844
SSE4	13536	3825	7651294
SSE4	13552	3787	7574442
SSE4	13568	4194	8388398
SSE4	13584	3831	7663691
SSE4	13600	3731	7462538
SSE4	13616	3797	7595283
SSE4	13632	3792	7584435
SSE4	13648	3820	7640919
SSE4	13664	3823	7647429
SSE4	13680	3855	7710780
SSE4	13696	3903	7807108
SSE4	13712	3864	7728306
SSE4	13728	5413	10826228
SSE4	13744	3885	7770705
SSE4	13760	3894	7789757
SSE4	13776	3962	7925272
SSE4	13792	3962	7925585
SSE4	13808	3898	7797899
SSE4	13824	3935	7871490
SSE4	13840	3969	7938911
SSE4	13856	4738	9477376
SSE4	13872	3963	7927041
SSE4	13888	3966	7932966
SSE4	13904	3967	7935916
SSE4	13920	3963	7926978
SSE4	13936	3945	7891998
SSE4	13952	4073	8146926
SSE4	13968	3942	7885375
SSE4	13984	3997	7995151
SSE4	14000	3954	7909218
SSE4	14016	4025	8050161
SSE4	14032	3994	7988487
SSE4	14048	3979	7959610
SSE4	14064	3988	7977837
SSE4	14080	3997	7995238
SSE4	14096	4062	8124964
SSE4	14112	4057	8114516
SSE4	14128	4017	8034852
SSE4	14144	4151	8303046
SSE4	14160	4009	8019978
SSE4	14176	4075	8150602
SSE4	14192	4027	8055605
SSE4	14208	4055	8110220
SSE4	14224	4055	8111322
SSE4	14240	4558	9116123
SSE4	14256	4029	8058586
SSE4	14272	4139	8279485
SSE4	14288	4061	8123259
SSE4	14304	4628	9256927
SSE4	14320	4580	9160558
SSE4	14336	4594	9189865
SSE4	14352	4655	9311901
SSE4	14368	4697	9395238
SSE4	14384	4747	9494303
SSE4	14400	4793	9586482
SSE4	14416	4635	9270495
SSE4	14432	4600	9200663
SSE4	14448	4577	9155723
SSE4	14464	4612	9224126
SSE4	14480	4511	9023230
SSE4	14496	4218	8437268
SSE4	14512	4127	8254272
SSE4	14528	4075	8151589
SSE4	14544	4160	8321914
SSE4	14560	4131	8262223
SSE4	14576	4115	8231642
SSE4	14592	4102	8204248
SSE4	14608	4142	8284854
SSE4	14624	4129	8258889
SSE4	14640	4133	8266012
SSE4	14656	4137	8274620
SSE4	14672	4219	8439499
SSE4	14688	4133	8266081
SSE4	14704	4177	8354959
SSE4	14720	4142	8285267
SSE4	14736	5423	10846618
SSE4	14752	4154	8309410
SSE4	14768	4148	8296547
SSE4	14784	4221	8442628
SSE4	14800	4162	8324211
SSE4	14816	4129	8258087
SSE4	14832	4180	8360506
SSE4	14848	4195	8391814
SSE4	14864	4249	8498161
SSE4	14880	4092	8184500
SSE4	14896	4179	8359089
SSE4	14912	4179	8359496
SSE4	14928	4203	8406281
SSE4	14944	4282	8565405
SSE4	14960	4185	8370410
SSE4	14976	4179	8359345
SSE4	14992	4248	8497540
SSE4	15008	4177	8355690
SSE4	15024	4251	8503373
SSE4	15040	9966	19932960
SSE4	15056	4231	8463547
SSE4	15072	4611	9222510
SSE4	15088	4279	8559613
SSE4	15104	4234	8468658
SSE4	15120	4306	8612891
SSE4	15136	4308	8617915
SSE4	15152	4313	8626034
SSE4	15168	4408	8816433
SSE4	15184	4409	8819343
SSE4	15200	4315	8630455
SSE4	15216	4337	8674854
SSE4	15232	6162	12325159
SSE4	15248	4991	9983778
SSE4	15264	4430	8861974
SSE4	15280	4398	8797117
SSE4	15296	4408	8816131
SSE4	15312	5241	10483399
SSE4	15328	5032	10065824
SSE4	15344	4953	9906342
SSE4	15360	4937	9875341
SSE4	15376	4854	9709274
SSE4	15392	4868	9737193
SSE4	15408	4926	9852460
SSE4	15424	4414	8828708
SSE4	15440	4430	8861534
SSE4	15456	4317	8634508
SSE4	15472	4382	8765227
SSE4	15488	4304	8608160
SSE4	15504	4246	8493627
SSE4	15520	4249	8499305
SSE4	15536	4319	8638846
SSE4	15552	4693	9386356
SSE4	15568	4496	8993085
SSE4	15584	4196	8392996
SSE4	15600	4400	8800946
SSE4	15616	4351	8702824
SSE4	15632	4428	8856438
SSE4	15648	4313	8626274
SSE4	15664	4290	8581670
SSE4	15680	4349	8699763
SSE4	15696	4756	9512066
SSE4	15712	4342	8685566
SSE4	15728	4434	8868596
SSE4	15744	4481	8963461
SSE4	15760	4376	8753419
SSE4	15776	4464	8928314
SSE4	15792	4534	9069581
SSE4	15808	4433	8866725
SSE4	15824	4676	9353704
SSE4	15840	4456	8913088
SSE4	15856	4420	8841212
SSE4	15872	4520	9040845
SSE4	15888	4507	9014346
SSE4	15904	4457	8914414
SSE4	15920	4487	8975219
SSE4	15936	4537	9075364
SSE4	15952	4495	8991962
SSE4	15968	4484	8969827
SSE4	15984	4500	9001664
SSE4	16000	4610	9220863
