SSE4	16	10	21198
SSE4	32	19	39317
SSE4	48	23	47348
SSE4	64	26	52504
SSE4	80	27	54288
SSE4	96	31	62288
SSE4	112	38	76250
SSE4	128	32	65641
SSE4	144	36	72405
SSE4	160	39	79058
SSE4	176	42	85770
SSE4	192	51	102463
SSE4	208	69	139844
SSE4	224	52	105926
SSE4	240	56	112632
SSE4	256	59	119327
SSE4	272	63	126045
SSE4	288	90	180813
SSE4	304	100	200580
SSE4	320	97	194547
SSE4	336	91	182440
SSE4	352	126	253692
SSE4	368	102	204806
SSE4	384	105	211512
SSE4	400	103	207061
SSE4	416	107	215345
SSE4	432	110	220792
SSE4	448	120	241687
SSE4	464	116	233459
SSE4	480	120	241794
SSE4	496	123	247036
SSE4	512	127	255166
SSE4	528	135	271880
SSE4	544	140	281944
SSE4	560	142	285313
SSE4	576	141	282039
SSE4	592	149	298738
SSE4	608	154	308767
SSE4	624	150	300893
SSE4	640	159	318899
SSE4	656	162	325639
SSE4	672	234	469968
SSE4	688	187	375333
SSE4	704	174	349084
SSE4	720	170	341001
SSE4	736	174	349134
SSE4	752	182	365842
SSE4	768	181	363061
SSE4	784	189	379249
SSE4	800	187	375957
SSE4	816	196	392722
SSE4	832	195	390119
SSE4	848	197	394460
SSE4	864	201	403092
SSE4	880	293	587666
SSE4	896	213	426219
SSE4	912	211	422596
SSE4	928	219	439649
SSE4	944	217	435596
SSE4	960	240	481184
SSE4	976	229	459766
SSE4	992	232	464595
SSE4	1008	243	486610
SSE4	1024	241	483282
SSE4	1040	243	486631
SSE4	1056	248	496660
SSE4	1072	244	488556
SSE4	1088	253	506712
SSE4	1104	256	513472
SSE4	1120	255	510714
SSE4	1136	295	591537
SSE4	1152	268	536931
SSE4	1168	270	540324
SSE4	1184	268	537763
SSE4	1200	271	542179
SSE4	1216	275	550787
SSE4	1232	278	556316
SSE4	1248	286	573854
SSE4	1264	285	570283
SSE4	1280	288	577259
SSE4	1296	296	593977
SSE4	1312	362	725427
SSE4	1328	297	595747
SSE4	1344	334	668835
SSE4	1360	429	858336
SSE4	1376	382	765852
SSE4	1392	327	655066
SSE4	1408	391	783156
SSE4	1424	429	858644
SSE4	1440	342	685099
SSE4	1456	324	649801
SSE4	1472	443	887252
SSE4	1488	366	733902
SSE4	1504	539	1078688
SSE4	1520	418	837028
SSE4	1536	538	1076639
SSE4	1552	369	739337
SSE4	1568	349	698310
SSE4	1584	386	772319
SSE4	1600	355	711723
SSE4	1616	358	717790
SSE4	1632	362	724851
SSE4	1648	370	741615
SSE4	1664	369	738986
SSE4	1680	377	755031
SSE4	1696	416	832431
SSE4	1712	378	756933
SSE4	1728	382	765339
SSE4	1744	390	781860
SSE4	1760	389	778636
SSE4	1776	535	1071928
SSE4	1792	444	888402
SSE4	1808	626	1253502
SSE4	1824	409	818824
SSE4	1840	411	822132
SSE4	1856	409	818997
SSE4	1872	417	835596
SSE4	1888	516	1032752
SSE4	1904	469	939929
SSE4	1920	452	904063
SSE4	1936	425	850853
SSE4	1952	466	932288
SSE4	1968	432	864157
SSE4	1984	436	872699
SSE4	2000	439	878227
SSE4	2016	666	1333588
SSE4	2032	674	1348063
SSE4	2048	498	997300
SSE4	2064	465	930141
SSE4	2080	474	949033
SSE4	2096	488	976596
SSE4	2112	668	1336071
SSE4	2128	465	931531
SSE4	2144	474	949630
SSE4	2160	735	1470756
SSE4	2176	590	1181836
SSE4	2192	479	958113
SSE4	2208	576	1153648
SSE4	2224	540	1080940
SSE4	2240	490	980349
SSE4	2256	493	986208
SSE4	2272	496	993551
SSE4	2288	499	998965
SSE4	2304	503	1007178
SSE4	2320	506	1012140
SSE4	2336	632	1265660
SSE4	2352	512	1025639
SSE4	2368	517	1034330
SSE4	2384	519	1038719
SSE4	2400	579	1159947
SSE4	2416	564	1129289
SSE4	2432	738	1476643
SSE4	2448	601	1203130
SSE4	2464	536	1073889
SSE4	2480	598	1196603
SSE4	2496	895	1790340
SSE4	2512	903	1806287
SSE4	2528	908	1817702
SSE4	2544	658	1317735
SSE4	2560	791	1582040
SSE4	2576	693	1387992
SSE4	2592	568	1137615
SSE4	2608	627	1254029
SSE4	2624	575	1150953
SSE4	2640	573	1146157
SSE4	2656	577	1154454
SSE4	2672	619	1238711
SSE4	2688	585	1170273
SSE4	2704	587	1175218
SSE4	2720	591	1183681
SSE4	2736	594	1188640
SSE4	2752	598	1197046
SSE4	2768	601	1202252
SSE4	2784	618	1236357
SSE4	2800	641	1282070
SSE4	2816	670	1341588
SSE4	2832	614	1228935
SSE4	2848	663	1327495
SSE4	2864	621	1242731
SSE4	2880	625	1250698
SSE4	2896	695	1390552
SSE4	2912	699	1399632
SSE4	2928	634	1269168
SSE4	2944	638	1277584
SSE4	2960	699	1399557
SSE4	2976	645	1291225
SSE4	2992	1057	2114617
SSE4	3008	836	1672502
SSE4	3024	723	1447862
SSE4	3040	692	1385981
SSE4	3056	683	1367591
SSE4	3072	669	1339087
SSE4	3088	667	1334132
SSE4	3104	704	1408276
SSE4	3120	679	1359185
SSE4	3136	682	1365826
SSE4	3152	686	1372435
SSE4	3168	684	1369510
SSE4	3184	750	1500542
SSE4	3200	843	1686259
SSE4	3216	768	1536427
SSE4	3232	734	1468827
SSE4	3248	714	1429564
SSE4	3264	728	1456673
SSE4	3280	707	1414777
SSE4	3296	711	1423187
SSE4	3312	714	1428071
SSE4	3328	718	1436516
SSE4	3344	762	1524037
SSE4	3360	725	1450054
SSE4	3376	774	1548833
SSE4	3392	878	1757633
SSE4	3408	830	1661461
SSE4	3424	739	1478954
SSE4	3440	741	1483976
SSE4	3456	746	1492415
SSE4	3472	748	1497368
SSE4	3488	752	1505831
SSE4	3504	755	1510853
SSE4	3520	759	1519223
SSE4	3536	762	1524233
SSE4	3552	806	1612327
SSE4	3568	851	1702584
SSE4	3584	826	1653160
SSE4	3600	775	1551038
SSE4	3616	779	1559554
SSE4	3632	782	1564653
SSE4	3648	786	1572833
SSE4	3664	788	1577855
SSE4	3680	793	1586386
SSE4	3696	859	1718006
SSE4	3712	987	1974788
SSE4	3728	909	1818481
SSE4	3744	806	1613132
SSE4	3760	842	1684794
SSE4	3776	1327	2654590
SSE4	3792	1157	2315990
SSE4	3808	853	1706278
SSE4	3824	857	1715882
SSE4	3840	1015	2030928
SSE4	3856	888	1777251
SSE4	3872	887	1775347
SSE4	3888	835	1671907
SSE4	3904	840	1680322
SSE4	3920	888	1777556
SSE4	3936	916	1832567
SSE4	3952	849	1698906
SSE4	3968	853	1707279
SSE4	3984	892	1784698
SSE4	4000	1091	2183575
SSE4	4016	863	1726358
SSE4	4032	867	1734176
SSE4	4048	913	1826891
SSE4	4064	909	1818440
SSE4	4080	919	1838144
SSE4	4096	1177	2354450
SSE4	4112	1688	3376218
SSE4	4128	1059	2118699
SSE4	4144	1202	2405916
SSE4	4160	1397	2795080
SSE4	4176	1555	3111899
SSE4	4192	1720	3440890
SSE4	4208	1451	2902052
SSE4	4224	1006	2013596
SSE4	4240	910	1820021
SSE4	4256	914	1828163
SSE4	4272	976	1953407
SSE4	4288	920	1841578
SSE4	4304	953	1907717
SSE4	4320	950	1900543
SSE4	4336	964	1929176
SSE4	4352	964	1929322
SSE4	4368	976	1952077
SSE4	4384	940	1881746
SSE4	4400	1007	2014922
SSE4	4416	1056	2113459
SSE4	4432	979	1959538
SSE4	4448	954	1908548
SSE4	4464	1001	2003355
SSE4	4480	1168	2337512
SSE4	4496	963	1927007
SSE4	4512	967	1935654
SSE4	4528	1029	2058380
SSE4	4544	974	1948981
SSE4	4560	977	1954011
SSE4	4576	1047	2095793
SSE4	4592	983	1967324
SSE4	4608	1005	2011123
SSE4	4624	1041	2083637
SSE4	4640	1007	2015799
SSE4	4656	997	1994260
SSE4	4672	1318	2637882
SSE4	4688	1016	2032520
SSE4	4704	1008	2016153
SSE4	4720	1050	2100792
SSE4	4736	1015	2031622
SSE4	4752	1018	2036739
SSE4	4768	1023	2046405
SSE4	4784	1065	2130419
SSE4	4800	1140	2280383
SSE4	4816	1031	2063993
SSE4	4832	1036	2072188
SSE4	4848	1038	2077527
SSE4	4864	1043	2087500
SSE4	4880	1046	2093413
SSE4	4896	1054	2109271
SSE4	4912	1052	2105471
SSE4	4928	1056	2112035
SSE4	4944	1058	2117805
SSE4	4960	1104	2209730
SSE4	4976	1065	2130716
SSE4	4992	1069	2139313
SSE4	5008	1105	2210811
SSE4	5024	1120	2241824
SSE4	5040	1078	2157640
SSE4	5056	1199	2398691
SSE4	5072	1085	2170159
SSE4	5088	1124	2249948
SSE4	5104	1128	2257736
SSE4	5120	1940	3881644
SSE4	5136	1099	2199071
SSE4	5152	1102	2204236
SSE4	5168	1150	2300819
SSE4	5184	1108	2217533
SSE4	5200	1140	2281327
SSE4	5216	1143	2287753
SSE4	5232	1172	2345950
SSE4	5248	1123	2246037
SSE4	5264	1124	2249395
SSE4	5280	1128	2257953
SSE4	5296	1197	2395443
SSE4	5312	1135	2271188
SSE4	5328	1138	2276266
SSE4	5344	1157	2314615
SSE4	5360	1193	2386399
SSE4	5376	1149	2298361
SSE4	5392	1236	2473954
SSE4	5408	1486	2973072
SSE4	5424	1206	2412604
SSE4	5440	1164	2329125
SSE4	5456	1168	2337558
SSE4	5472	1213	2427520
SSE4	5488	1226	2453449
SSE4	5504	1188	2377351
SSE4	5520	1229	2458801
SSE4	5536	1195	2391307
SSE4	5552	1245	2490526
SSE4	5568	1206	2412194
SSE4	5584	1445	2891816
SSE4	5600	1220	2440639
SSE4	5616	1324	2649950
SSE4	5632	1277	2554692
SSE4	5648	1243	2486551
SSE4	5664	1256	2512893
SSE4	5680	1258	2516907
SSE4	5696	1272	2545347
SSE4	5712	1328	2656213
SSE4	5728	1295	2590979
SSE4	5744	1333	2666471
SSE4	5760	1402	2804573
SSE4	5776	1346	2692548
SSE4	5792	1351	2703700
SSE4	5808	1552	3104099
SSE4	5824	1457	2914031
SSE4	5840	1387	2775371
SSE4	5856	1405	2811848
SSE4	5872	1407	2815265
SSE4	5888	1513	3026198
SSE4	5904	1529	3058362
SSE4	5920	1506	3013742
SSE4	5936	1601	3202044
SSE4	5952	1630	3260243
SSE4	5968	1546	3093284
SSE4	5984	1519	3038877
SSE4	6000	1461	2923725
SSE4	6016	1437	2875995
SSE4	6032	1395	2790685
SSE4	6048	1373	2746578
SSE4	6064	1396	2793874
SSE4	6080	1435	2871330
SSE4	6096	1418	2837875
SSE4	6112	1809	3618962
SSE4	6128	1857	3715736
SSE4	6144	1828	3657553
SSE4	6160	2323	4647665
SSE4	6176	1911	3822304
SSE4	6192	1691	3383815
SSE4	6208	1760	3520895
SSE4	6224	1655	3311057
SSE4	6240	1570	3140191
SSE4	6256	1562	3125984
SSE4	6272	1550	3100778
SSE4	6288	1596	3192235
SSE4	6304	1585	3171950
SSE4	6320	1615	3230318
SSE4	6336	1639	3279625
SSE4	6352	1726	3452865
SSE4	6368	1740	3480305
SSE4	6384	1744	3488428
SSE4	6400	1902	3805463
SSE4	6416	1767	3535911
SSE4	6432	2402	4804007
SSE4	6448	1902	3804691
SSE4	6464	1809	3619042
SSE4	6480	1834	3669194
SSE4	6496	2206	4413306
SSE4	6512	1859	3719073
SSE4	6528	1847	3695923
SSE4	6544	1851	3702810
SSE4	6560	1914	3829205
SSE4	6576	1874	3749355
SSE4	6592	1888	3777550
SSE4	6608	2137	4275995
SSE4	6624	1933	3866252
SSE4	6640	1970	3940641
SSE4	6656	1888	3777289
SSE4	6672	1956	3912536
SSE4	6688	1863	3726805
SSE4	6704	1865	3730608
SSE4	6720	1862	3725069
SSE4	6736	2067	4134543
SSE4	6752	1905	3810120
SSE4	6768	1874	3748484
SSE4	6784	1874	3748077
SSE4	6800	1895	3791225
SSE4	6816	1931	3863776
SSE4	6832	1902	3805877
SSE4	6848	1889	3778026
SSE4	6864	1982	3965131
SSE4	6880	2324	4648298
SSE4	6896	2000	4000857
SSE4	6912	1996	3992180
SSE4	6928	1990	3980092
SSE4	6944	2057	4115082
SSE4	6960	2055	4110734
SSE4	6976	2084	4169898
SSE4	6992	2206	4412920
SSE4	7008	2071	4143637
SSE4	7024	2069	4138823
SSE4	7040	2119	4239729
SSE4	7056	2080	4160924
SSE4	7072	2070	4140715
SSE4	7088	2090	4180028
SSE4	7104	2102	4205926
SSE4	7120	2152	4304489
SSE4	7136	2340	4680868
SSE4	7152	2345	4690813
SSE4	7168	2239	4479051
SSE4	7184	2235	4470713
SSE4	7200	2179	4358500
SSE4	7216	2200	4401845
SSE4	7232	2136	4273865
SSE4	7248	2100	4201514
SSE4	7264	2022	4044251
SSE4	7280	2071	4142822
SSE4	7296	2062	4124304
SSE4	7312	2076	4152946
SSE4	7328	2086	4172293
SSE4	7344	2236	4472204
SSE4	7360	2175	4351808
SSE4	7376	2150	4301493
SSE4	7392	2160	4321372
SSE4	7408	2063	4127480
SSE4	7424	2120	4240565
SSE4	7440	2148	4296023
SSE4	7456	2106	4212790
SSE4	7472	2078	4156806
SSE4	7488	2103	4207507
SSE4	7504	2104	4208185
SSE4	7520	2062	4124114
SSE4	7536	2130	4261162
SSE4	7552	2167	4335540
SSE4	7568	2196	4393646
SSE4	7584	2475	4951883
SSE4	7600	2141	4283555
SSE4	7616	2268	4536935
SSE4	7632	2189	4379357
SSE4	7648	2255	4511106
SSE4	7664	2204	4408762
SSE4	7680	2242	4484192
SSE4	7696	2226	4453664
SSE4	7712	2304	4608778
SSE4	7728	2286	4572071
SSE4	7744	2283	4567683
SSE4	7760	2246	4492307
SSE4	7776	2223	4446389
SSE4	7792	2227	4455426
SSE4	7808	2235	4471595
SSE4	7824	2257	4514285
SSE4	7840	2265	4531390
SSE4	7856	2244	4489184
SSE4	7872	2211	4423215
SSE4	7888	2263	4526808
SSE4	7904	2286	4572193
SSE4	7920	2260	4520809
SSE4	7936	2279	4559824
SSE4	7952	2284	4569540
SSE4	7968	2410	4821423
SSE4	7984	2319	4639737
SSE4	8000	2267	4534471
SSE4	8016	2297	4594313
SSE4	8032	2335	4670478
SSE4	8048	2375	4750700
SSE4	8064	2295	4590872
SSE4	8080	2302	4604790
SSE4	8096	2260	4521789
SSE4	8112	2333	4666527
SSE4	8128	2290	4581298
SSE4	8144	2366	4732187
SSE4	8160	2630	5261948
SSE4	8176	2688	5376238
SSE4	8192	2596	5192446
SSE4	8208	2640	5280603
SSE4	8224	2631	5263526
SSE4	8240	2784	5569625
SSE4	8256	2747	5494219
SSE4	8272	2729	5458604
SSE4	8288	2625	5250874
SSE4	8304	2619	5239057
SSE4	8320	2846	5693070
SSE4	8336	2562	5124725
SSE4	8352	2587	5175744
SSE4	8368	2513	5027521
SSE4	8384	2489	4979591
SSE4	8400	2367	4735952
SSE4	8416	3375	6750891
SSE4	8432	2575	5150115
SSE4	8448	2474	4949895
SSE4	8464	2401	4803754
SSE4	8480	2519	5039314
SSE4	8496	2351	4702779
SSE4	8512	2466	4932370
SSE4	8528	2413	4826375
SSE4	8544	2528	5056902
SSE4	8560	2465	4930251
SSE4	8576	2419	4839990
SSE4	8592	2440	4881469
SSE4	8608	2463	4926037
SSE4	8624	2613	5227827
SSE4	8640	2450	4901556
SSE4	8656	2750	5500701
SSE4	8672	2541	5082864
SSE4	8688	2453	4906111
SSE4	8704	2484	4969658
SSE4	8720	2510	5021530
SSE4	8736	2511	5023245
SSE4	8752	2493	4987430
SSE4	8768	2470	4940817
SSE4	8784	2489	4979603
SSE4	8800	2514	5029303
SSE4	8816	2445	4891548
SSE4	8832	3284	6569878
SSE4	8848	2326	4652395
SSE4	8864	2470	4941503
SSE4	8880	2565	5130990
SSE4	8896	2449	4898451
SSE4	8912	2584	5168328
SSE4	8928	2532	5064125
SSE4	8944	2745	5490659
SSE4	8960	2496	4992532
SSE4	8976	2634	5269977
SSE4	8992	2609	5218860
SSE4	9008	2619	5239945
SSE4	9024	2615	5230716
SSE4	9040	2661	5322221
SSE4	9056	2688	5377002
SSE4	9072	2642	5284650
SSE4	9088	2655	5311886
SSE4	9104	2703	5406229
SSE4	9120	2648	5296316
SSE4	9136	2681	5363254
SSE4	9152	2643	5286291
SSE4	9168	2794	5589168
SSE4	9184	3046	6092288
SSE4	9200	3024	6048777
SSE4	9216	2996	5993547
SSE4	9232	2893	5787267
SSE4	9248	2785	5570867
SSE4	9264	2806	5613634
SSE4	9280	2788	5577904
SSE4	9296	2707	5415532
SSE4	9312	2579	5158423
SSE4	9328	2732	5465489
SSE4	9344	2559	5119760
SSE4	9360	2703	5407518
SSE4	9376	2684	5369377
SSE4	9392	2745	5490151
SSE4	9408	2673	5346337
SSE4	9424	2758	5516746
SSE4	9440	2650	5301986
SSE4	9456	2524	5049450
SSE4	9472	2683	5367285
SSE4	9488	3144	6289831
SSE4	9504	2684	5369342
SSE4	9520	2630	5261586
SSE4	9536	2716	5433397
SSE4	9552	2713	5427460
SSE4	9568	2657	5314162
SSE4	9584	2683	5367972
SSE4	9600	2731	5462995
SSE4	9616	2777	5555693
SSE4	9632	2721	5443024
SSE4	9648	2762	5524406
SSE4	9664	2704	5408176
SSE4	9680	2764	5528352
SSE4	9696	2771	5543982
SSE4	9712	2777	5555291
SSE4	9728	2782	5565480
SSE4	9744	4261	8522548
SSE4	9760	2827	5654587
SSE4	9776	2806	5612877
SSE4	9792	2843	5687906
SSE4	9808	2803	5606171
SSE4	9824	2826	5652682
SSE4	9840	2856	5712571
SSE4	9856	2823	5646005
SSE4	9872	2869	5738750
SSE4	9888	2821	5643824
SSE4	9904	2871	5743255
SSE4	9920	2802	5604726
SSE4	9936	2834	5668134
SSE4	9952	2840	5680970
SSE4	9968	2822	5644561
SSE4	9984	2799	5599957
SSE4	10000	2865	5730662
SSE4	10016	2827	5654649
SSE4	10032	2858	5717650
SSE4	10048	2829	5658471
SSE4	10064	2890	5780677
SSE4	10080	2850	5700787
SSE4	10096	2805	5610566
SSE4	10112	2780	5561882
SSE4	10128	2847	5695539
SSE4	10144	2861	5722300
SSE4	10160	2901	5802724
SSE4	10176	2868	5737531
SSE4	10192	2973	5946221
SSE4	10208	3260	6521903
SSE4	10224	3307	6614183
SSE4	10240	3277	6554422
SSE4	10256	3289	6579403
SSE4	10272	3285	6570146
SSE4	10288	9535	19071778
SSE4	10304	3481	6962330
SSE4	10320	3389	6779638
SSE4	10336	3241	6483158
SSE4	10352	3268	6536863
SSE4	10368	3209	6419816
SSE4	10384	3257	6515606
SSE4	10400	3192	6385386
SSE4	10416	3136	6273506
SSE4	10432	3154	6309451
SSE4	10448	2981	5963758
SSE4	10464	3012	6025353
SSE4	10480	3073	6147229
SSE4	10496	2968	5937137
SSE4	10512	2915	5831022
SSE4	10528	2958	5917569
SSE4	10544	2980	5961613
SSE4	10560	3011	6022343
SSE4	10576	2978	5956523
SSE4	10592	3021	6042971
SSE4	10608	3002	6004832
SSE4	10624	2956	5912421
SSE4	10640	2965	5931916
SSE4	10656	3178	6356636
SSE4	10672	3010	6020025
SSE4	10688	3040	6081715
SSE4	10704	3058	6116160
SSE4	10720	3018	6036163
SSE4	10736	3048	6096263
SSE4	10752	3029	6059093
SSE4	10768	3072	6145949
SSE4	10784	3045	6090095
SSE4	10800	3045	6091084
SSE4	10816	3029	6059658
SSE4	10832	3049	6099175
SSE4	10848	3057	6114448
SSE4	10864	3026	6053264
SSE4	10880	3252	6504094
SSE4	10896	3034	6069898
SSE4	10912	2972	5944444
SSE4	10928	3072	6145084
SSE4	10944	3047	6094840
SSE4	10960	3115	6230931
SSE4	10976	3091	6182821
SSE4	10992	3125	6251752
SSE4	11008	3034	6069181
SSE4	11024	3143	6287139
SSE4	11040	3146	6292365
SSE4	11056	3205	6411841
SSE4	11072	3173	6346707
SSE4	11088	3210	6420699
SSE4	11104	3233	6467157
SSE4	11120	3257	6514403
SSE4	11136	3210	6421632
SSE4	11152	3277	6554591
SSE4	11168	3255	6510552
SSE4	11184	3271	6542025
SSE4	11200	3304	6608784
SSE4	11216	3310	6620479
SSE4	11232	3825	7651586
SSE4	11248	3625	7251132
SSE4	11264	3614	7229477
SSE4	11280	3547	7095917
SSE4	11296	3505	7010780
SSE4	11312	5563	11126860
SSE4	11328	3401	6803056
SSE4	11344	3237	6475676
SSE4	11360	3263	6526826
SSE4	11376	3597	7194720
SSE4	11392	3224	6448007
SSE4	11408	3236	6472443
SSE4	11424	3232	6464085
SSE4	11440	3233	6467169
SSE4	11456	3286	6573014
SSE4	11472	3289	6579367
SSE4	11488	3217	6434091
SSE4	11504	3240	6481479
SSE4	11520	3229	6458477
SSE4	11536	3610	7221564
SSE4	11552	3251	6502366
SSE4	11568	3274	6548830
SSE4	11584	3341	6682915
SSE4	11600	3291	6583049
SSE4	11616	5049	10098786
SSE4	11632	3258	6517475
SSE4	11648	3919	7838678
SSE4	11664	3286	6572420
SSE4	11680	3290	6580561
SSE4	11696	3285	6571873
SSE4	11712	3324	6649725
SSE4	11728	3270	6541416
SSE4	11744	3316	6632216
SSE4	11760	3376	6752328
SSE4	11776	3335	6671832
SSE4	11792	3354	6708386
SSE4	11808	3407	6815939
SSE4	11824	3358	6717321
SSE4	11840	3370	6741298
SSE4	11856	3427	6854007
SSE4	11872	3382	6764499
SSE4	11888	3346	6692983
SSE4	11904	3390	6780230
SSE4	11920	3390	6781118
SSE4	11936	3462	6924151
SSE4	11952	3393	6787115
SSE4	11968	3367	6735268
SSE4	11984	3404	6809195
SSE4	12000	3400	6800281
SSE4	12016	3388	6777490
SSE4	12032	3372	6745098
SSE4	12048	3439	6878985
SSE4	12064	3401	6802126
SSE4	12080	3386	6773728
SSE4	12096	3422	6844742
SSE4	12112	3405	6811961
SSE4	12128	3484	6969735
SSE4	12144	3443	6887655
SSE4	12160	3423	6846926
SSE4	12176	3396	6792124
SSE4	12192	3447	6894849
SSE4	12208	3362	6725593
SSE4	12224	3333	6666997
SSE4	12240	3483	6967765
SSE4	12256	3954	7909759
SSE4	12272	3893	7787648
SSE4	12288	3899	7799391
SSE4	12304	3929	7858656
SSE4	12320	3977	7955061
SSE4	12336	4023	8046819
SSE4	12352	4049	8099728
SSE4	12368	4035	8070441
SSE4	12384	3918	7837336
SSE4	12400	3915	7831497
SSE4	12416	3854	7708064
SSE4	12432	3897	7795492
SSE4	12448	3809	7618321
SSE4	12464	3747	7494902
SSE4	12480	3745	7490232
SSE4	12496	3625	7250233
SSE4	12512	3576	7152225
SSE4	12528	3646	7293086
SSE4	12544	3548	7097218
SSE4	12560	3536	7073982
SSE4	12576	3567	7134456
SSE4	12592	3547	7095737
SSE4	12608	3553	7106085
SSE4	12624	3605	7210020
SSE4	12640	3620	7240483
SSE4	12656	3540	7081074
SSE4	12672	3572	7144708
SSE4	12688	3596	7193490
SSE4	12704	3607	7215452
SSE4	12720	3593	7186709
SSE4	12736	3590	7181818
SSE4	12752	3592	7185768
SSE4	12768	3608	7217847
SSE4	12784	3592	7184026
SSE4	12800	3626	7253884
SSE4	12816	3715	7430859
SSE4	12832	3625	7251741
SSE4	12848	3595	7191249
SSE4	12864	3660	7320429
SSE4	12880	3588	7177979
SSE4	12896	3558	7117638
SSE4	12912	3572	7144753
SSE4	12928	3504	7008842
SSE4	12944	3631	7262170
SSE4	12960	3599	7198942
SSE4	12976	3659	7318403
SSE4	12992	3621	7242583
SSE4	13008	3620	7241048
SSE4	13024	3689	7378349
SSE4	13040	3700	7400055
SSE4	13056	3728	7456684
SSE4	13072	3712	7424602
SSE4	13088	3698	7396747
SSE4	13104	4180	8360118
SSE4	13120	3760	7521054
SSE4	13136	3760	7520059
SSE4	13152	3779	7558108
SSE4	13168	3827	7655244
SSE4	13184	3797	7595040
SSE4	13200	3818	7637835
SSE4	13216	3835	7670220
SSE4	13232	3806	7612188
SSE4	13248	3878	7756950
SSE4	13264	3848	7696074
SSE4	13280	4321	8643987
SSE4	13296	4310	8620069
SSE4	13312	4297	8595556
SSE4	13328	4245	8491701
SSE4	13344	4198	8396274
SSE4	13360	4188	8376270
SSE4	13376	3941	7883684
SSE4	13392	3838	7677108
SSE4	13408	5329	10658403
SSE4	13424	4299	8598553
SSE4	13440	3637	7275243
SSE4	13456	4219	8438529
SSE4	13472	3740	7480194
SSE4	13488	3846	7692750
SSE4	13504	3815	7630988
SSE4	13520	3755	7511763
SSE4	13536	3827	7654043
SSE4	13552	3699	7398988
SSE4	13568	3917	7834189
SSE4	13584	3839	7679853
SSE4	13600	3793	7587480
SSE4	13616	3828	7657666
SSE4	13632	3773	7547375
SSE4	13648	3798	7597732
SSE4	13664	3750	7500566
SSE4	13680	3796	7592155
SSE4	13696	3796	7593634
SSE4	13712	3833	7667534
SSE4	13728	3816	7632801
SSE4	13744	3846	7692767
SSE4	13760	4272	8545735
SSE4	13776	6526	13052084
SSE4	13792	4102	8204839
SSE4	13808	3958	7916620
SSE4	13824	3934	7869754
SSE4	13840	3878	7756035
SSE4	13856	3979	7958190
SSE4	13872	4004	8009447
SSE4	13888	3975	7951840
SSE4	13904	3997	7995033
SSE4	13920	3980	7961815
SSE4	13936	3996	7992162
SSE4	13952	3948	7897683
SSE4	13968	3967	7934350
SSE4	13984	6041	12082132
SSE4	14000	3964	7928169
SSE4	14016	3973	7947742
SSE4	14032	3956	7913761
SSE4	14048	3966	7932769
SSE4	14064	3966	7932407
SSE4	14080	3955	7911408
SSE4	14096	4024	8048507
SSE4	14112	3982	7965565
SSE4	14128	4017	8034790
SSE4	14144	4003	8007013
SSE4	14160	3998	7996554
SSE4	14176	3970	7941710
SSE4	14192	3955	7911173
SSE4	14208	4001	8002440
SSE4	14224	3963	7926176
SSE4	14240	6145	12291651
SSE4	14256	4001	8003465
SSE4	14272	4033	8066626
SSE4	14288	4077	8155921
SSE4	14304	4564	9129652
SSE4	14320	4636	9273202
SSE4	14336	4598	9197638
SSE4	14352	4594	9188157
SSE4	14368	4575	9151067
SSE4	14384	4748	9497609
SSE4	14400	4773	9546665
SSE4	14416	4671	9343657
SSE4	14432	4523	9047260
SSE4	14448	4477	8954525
SSE4	14464	4492	8984994
SSE4	14480	4447	8894716
SSE4	14496	4465	8930132
SSE4	14512	4279	8558668
SSE4	14528	4354	8708443
SSE4	14544	4110	8221471
SSE4	14560	4025	8050340
SSE4	14576	3979	7959592
SSE4	14592	4075	8151713
SSE4	14608	4111	8223391
SSE4	14624	4088	8176754
SSE4	14640	4072	8145029
SSE4	14656	4074	8148299
SSE4	14672	4128	8256751
SSE4	14688	4102	8204159
SSE4	14704	4094	8188271
SSE4	14720	4165	8331214
SSE4	14736	4156	8313183
SSE4	14752	4187	8375016
SSE4	14768	4218	8436762
SSE4	14784	4110	8220219
SSE4	14800	4206	8413811
SSE4	14816	4167	8335327
SSE4	14832	4061	8122112
SSE4	14848	4091	8183826
SSE4	14864	4259	8519442
SSE4	14880	4254	8509693
SSE4	14896	4138	8277288
SSE4	14912	4123	8246309
SSE4	14928	4212	8425477
SSE4	14944	4093	8186384
SSE4	14960	4096	8193082
SSE4	14976	6192	12385804
SSE4	14992	4212	8424657
SSE4	15008	4229	8459072
SSE4	15024	4164	8329681
SSE4	15040	4314	8628149
SSE4	15056	4271	8543261
SSE4	15072	4178	8356296
SSE4	15088	4205	8410251
SSE4	15104	4203	8406293
SSE4	15120	4296	8592685
SSE4	15136	4287	8575094
SSE4	15152	4295	8591099
SSE4	15168	4324	8648444
SSE4	15184	4403	8807222
SSE4	15200	4390	8781023
SSE4	15216	4425	8851785
SSE4	15232	4332	8665598
SSE4	15248	4379	8759299
SSE4	15264	4185	8371397
SSE4	15280	5429	10859772
SSE4	15296	4407	8814080
SSE4	15312	4480	8960304
SSE4	15328	4980	9960136
SSE4	15344	5042	10084241
SSE4	15360	4991	9982874
SSE4	15376	4873	9746723
SSE4	15392	4860	9721519
SSE4	15408	4742	9485587
SSE4	15424	4672	9344843
SSE4	15440	4469	8939151
SSE4	15456	4312	8625006
SSE4	15472	4294	8588858
SSE4	15488	4382	8765111
SSE4	15504	4412	8825175
SSE4	15520	4226	8452050
SSE4	15536	4283	8567532
SSE4	15552	4324	8649894
SSE4	15568	4380	8761141
SSE4	15584	4350	8701033
SSE4	15600	4281	8562255
SSE4	15616	4351	8703335
SSE4	15632	4371	8742961
SSE4	15648	4326	8653237
SSE4	15664	4300	8600244
SSE4	15680	4353	8707852
SSE4	15696	4313	8627493
SSE4	15712	4254	8509787
SSE4	15728	4355	8711090
SSE4	15744	4789	9579983
SSE4	15760	4436	8872493
SSE4	15776	4421	8842760
SSE4	15792	4343	8686181
SSE4	15808	4400	8801137
SSE4	15824	4409	8818006
SSE4	15840	4377	8754282
SSE4	15856	4534	9068295
SSE4	15872	4486	8972382
SSE4	15888	4490	8980198
SSE4	15904	4480	8961832
SSE4	15920	4442	8885294
SSE4	15936	6827	13654810
SSE4	15952	4499	8998553
SSE4	15968	4464	8928730
SSE4	15984	4527	9055093
SSE4	16000	4582	9164433
