Scala	16	260	520535
Scala	32	465	930815
Scala	48	716	1432040
Scala	64	931	1862452
Scala	80	921	1843820
Scala	96	923	1847443
Scala	112	975	1951093
Scala	128	1164	2328825
Scala	144	1234	2469296
Scala	160	1546	3093397
Scala	176	1507	3014009
Scala	192	1879	3759175
Scala	208	2146	4292473
Scala	224	2007	4015375
Scala	240	2038	4077056
Scala	256	2208	4417495
Scala	272	2396	4792822
Scala	288	2384	4768234
Scala	304	2638	5276677
Scala	320	2809	5619066
Scala	336	2822	5644767
Scala	352	3067	6135524
Scala	368	3153	6306415
Scala	384	3276	6552894
Scala	400	3471	6943373
Scala	416	3504	7008548
Scala	432	3687	7375707
Scala	448	3891	7783829
Scala	464	4067	8135854
Scala	480	4174	8348195
Scala	496	4233	8466910
Scala	512	4636	9273912
Scala	528	4924	9849106
Scala	544	4633	9266656
Scala	560	5037	10074477
Scala	576	4895	9791846
Scala	592	5754	11509430
Scala	608	5186	10372600
Scala	624	5224	10448889
Scala	640	5390	10780150
Scala	656	5631	11263132
Scala	672	5814	11628078
Scala	688	5851	11703459
Scala	704	6097	12194297
Scala	720	6104	12208108
Scala	736	6407	12814535
Scala	752	6410	12820763
Scala	768	6578	13156722
Scala	784	6722	13445050
Scala	800	6783	13567857
Scala	816	6970	13941875
Scala	832	7138	14277967
Scala	848	7166	14332745
Scala	864	7320	14641001
Scala	880	7480	14961761
Scala	896	7842	15685550
Scala	912	7766	15533906
Scala	928	7962	15925095
Scala	944	8426	16852861
Scala	960	8173	16346448
Scala	976	8331	16662000
Scala	992	8458	16917549
Scala	1008	8590	17181252
Scala	1024	8708	17416782
Scala	1040	8811	17622987
Scala	1056	9203	18407780
Scala	1072	9590	19180810
Scala	1088	9213	18427379
Scala	1104	9357	18714984
Scala	1120	9460	18920684
Scala	1136	10594	21188414
Scala	1152	9781	19563678
Scala	1168	9882	19765119
Scala	1184	10062	20124830
Scala	1200	10173	20347731
Scala	1216	10843	21687950
Scala	1232	12973	25947795
Scala	1248	10972	21944544
Scala	1264	11199	22399522
Scala	1280	12993	25987190
Scala	1296	15668	31336290
Scala	1312	13680	27360414
Scala	1328	11705	23411330
Scala	1344	11476	22952277
Scala	1360	11794	23589592
Scala	1376	12255	24511725
Scala	1392	11913	23827865
Scala	1408	11975	23950205
Scala	1424	12517	25035538
Scala	1440	14950	29900965
Scala	1456	12479	24958051
Scala	1472	13309	26619541
Scala	1488	12787	25575605
Scala	1504	12770	25540323
Scala	1520	12977	25955981
Scala	1536	14734	29468816
Scala	1552	13450	26900276
Scala	1568	13543	27087145
Scala	1584	13953	27906510
Scala	1600	13647	27295376
Scala	1616	13860	27720947
Scala	1632	13868	27737653
Scala	1648	15136	30273229
Scala	1664	14047	28095591
Scala	1680	14227	28454861
Scala	1696	14523	29047304
Scala	1712	14910	29821189
Scala	1728	14756	29512439
Scala	1744	14890	29780943
Scala	1760	14921	29843186
Scala	1776	15935	31870596
Scala	1792	15258	30517189
Scala	1808	15982	31964370
Scala	1824	16183	32366791
Scala	1840	15761	31523128
Scala	1856	15936	31872934
Scala	1872	16282	32564002
Scala	1888	16781	33562164
Scala	1904	16109	32219689
Scala	1920	16307	32614730
Scala	1936	16385	32771508
Scala	1952	17002	34005483
Scala	1968	17384	34769235
Scala	1984	16871	33743109
Scala	2000	17288	34576331
Scala	2016	17054	34108938
Scala	2032	17510	35020047
Scala	2048	17646	35292493
Scala	2064	20317	40634580
Scala	2080	17934	35868898
Scala	2096	18253	36506032
Scala	2112	18240	36480820
Scala	2128	18061	36123859
Scala	2144	18304	36609364
Scala	2160	18302	36605127
Scala	2176	18395	36790645
Scala	2192	18643	37287752
Scala	2208	22012	44025645
Scala	2224	19555	39110629
Scala	2240	19596	39192168
Scala	2256	19583	39167659
Scala	2272	19717	39434734
Scala	2288	19528	39057301
Scala	2304	19499	38998687
Scala	2320	20133	40267983
Scala	2336	20200	40401519
Scala	2352	20247	40495348
Scala	2368	20227	40455908
Scala	2384	20090	40180891
Scala	2400	20621	41243482
Scala	2416	20522	41044468
Scala	2432	20981	41962532
Scala	2448	21778	43556997
Scala	2464	24378	48757590
Scala	2480	21301	42602272
Scala	2496	21290	42580499
Scala	2512	21276	42553374
Scala	2528	21431	42862774
Scala	2544	21396	42792636
Scala	2560	21811	43622866
Scala	2576	21735	43471219
Scala	2592	23210	46420460
Scala	2608	22027	44054465
Scala	2624	22173	44346510
Scala	2640	22543	45087802
Scala	2656	22509	45018118
Scala	2672	22585	45170151
Scala	2688	22734	45468069
Scala	2704	22959	45919120
Scala	2720	23322	46644920
Scala	2736	23564	47128264
Scala	2752	23257	46515167
Scala	2768	24218	48436894
Scala	2784	26538	53076134
Scala	2800	24089	48178483
Scala	2816	24392	48784782
Scala	2832	24011	48022241
Scala	2848	24225	48451909
Scala	2864	24299	48599815
Scala	2880	24349	48699727
Scala	2896	26911	53822336
Scala	2912	24688	49376852
Scala	2928	24843	49686514
Scala	2944	24961	49923981
Scala	2960	25026	50053054
Scala	2976	25537	51075953
Scala	2992	25672	51344592
Scala	3008	25968	51936284
Scala	3024	25674	51348520
Scala	3040	25737	51475095
Scala	3056	26013	52027291
Scala	3072	25945	51890526
Scala	3088	26106	52213658
Scala	3104	26230	52461704
Scala	3120	26498	52996063
Scala	3136	26471	52943711
Scala	3152	27101	54202637
Scala	3168	26775	53550883
Scala	3184	26928	53857327
Scala	3200	27040	54081129
Scala	3216	28270	56540119
Scala	3232	27392	54785598
Scala	3248	27519	55039894
Scala	3264	27605	55211960
Scala	3280	27838	55676449
Scala	3296	27829	55659837
Scala	3312	28027	56054674
Scala	3328	28368	56736296
Scala	3344	28280	56560961
Scala	3360	28344	56688859
Scala	3376	28536	57072897
Scala	3392	28727	57454015
Scala	3408	28894	57789130
Scala	3424	31564	63128857
Scala	3440	29051	58103980
Scala	3456	29185	58370186
Scala	3472	29252	58505298
Scala	3488	31892	63784487
Scala	3504	29504	59008578
Scala	3520	30171	60343034
Scala	3536	32646	65292926
Scala	3552	30128	60256288
Scala	3568	30202	60405743
Scala	3584	30403	60806687
Scala	3600	30703	61407163
Scala	3616	31192	62384435
Scala	3632	30661	61323511
Scala	3648	30847	61694600
Scala	3664	32790	65580011
Scala	3680	31115	62231330
Scala	3696	31707	63415114
Scala	3712	31333	62666683
Scala	3728	31561	63122339
Scala	3744	31595	63190793
Scala	3760	31760	63521260
Scala	3776	31897	63794402
Scala	3792	32917	65834122
Scala	3808	32085	64171379
Scala	3824	32788	65576729
Scala	3840	32552	65105143
Scala	3856	32588	65177401
Scala	3872	40704	81408302
Scala	3888	33577	67154948
Scala	3904	33092	66184129
Scala	3920	33235	66470883
Scala	3936	33379	66758218
Scala	3952	34136	68273564
Scala	3968	34095	68191326
Scala	3984	34040	68080665
Scala	4000	33895	67791811
Scala	4016	33941	67882167
Scala	4032	34380	68761864
Scala	4048	34582	69164686
Scala	4064	34307	68614348
Scala	4080	34504	69008014
Scala	4096	34608	69216339
Scala	4112	35941	71883476
Scala	4128	34831	69663238
Scala	4144	35032	70064316
Scala	4160	37651	75303440
Scala	4176	35970	71940665
Scala	4192	35484	70969107
Scala	4208	35839	71678140
Scala	4224	38213	76427529
Scala	4240	35812	71624978
Scala	4256	36036	72073861
Scala	4272	36276	72553820
Scala	4288	36261	72523354
Scala	4304	37092	74185723
Scala	4320	36457	72915342
Scala	4336	36690	73381634
Scala	4352	36772	73545651
Scala	4368	38505	77011884
Scala	4384	36935	73871812
Scala	4400	37096	74193517
Scala	4416	37441	74883236
Scala	4432	37486	74973107
Scala	4448	37750	75501941
Scala	4464	37795	75590106
Scala	4480	37825	75650660
Scala	4496	38004	76008859
Scala	4512	38530	77061988
Scala	4528	38210	76421791
Scala	4544	38383	76766097
Scala	4560	38611	77222606
Scala	4576	38711	77422901
Scala	4592	39192	78385059
Scala	4608	40152	80304073
Scala	4624	40973	81947059
Scala	4640	39160	78320748
Scala	4656	39375	78751519
Scala	4672	39580	79160402
Scala	4688	39580	79161033
Scala	4704	40370	80741247
Scala	4720	40281	80562663
Scala	4736	40424	80848655
Scala	4752	40153	80307730
Scala	4768	40734	81469089
Scala	4784	40449	80898792
Scala	4800	43126	86253553
Scala	4816	40715	81430037
Scala	4832	41148	82297179
Scala	4848	40901	81803248
Scala	4864	40998	81997275
Scala	4880	41176	82352609
Scala	4896	41893	83786620
Scala	4912	41434	82868543
Scala	4928	42830	85661834
Scala	4944	42334	84668314
Scala	4960	41969	83938129
Scala	4976	42128	84257407
Scala	4992	43837	87674675
Scala	5008	42427	84855549
Scala	5024	44924	89848325
Scala	5040	42640	85281712
Scala	5056	43102	86204340
Scala	5072	42980	85961792
Scala	5088	43035	86071889
Scala	5104	45718	91436551
Scala	5120	43263	86526945
Scala	5136	45746	91492172
Scala	5152	43490	86981969
Scala	5168	44032	88065503
Scala	5184	43850	87701417
Scala	5200	43904	87809676
Scala	5216	44409	88819515
Scala	5232	44207	88415300
Scala	5248	44336	88673791
Scala	5264	44986	89973159
Scala	5280	44564	89129504
Scala	5296	45102	90204840
Scala	5312	44751	89502715
Scala	5328	45736	91473872
Scala	5344	48028	96056325
Scala	5360	52367	104735898
Scala	5376	46457	92915516
Scala	5392	45825	91651536
Scala	5408	46210	92421995
Scala	5424	46642	93284699
Scala	5440	46411	92822978
Scala	5456	46743	93487245
Scala	5472	46858	93717422
Scala	5488	46682	93365707
Scala	5504	46892	93784259
Scala	5520	47053	94107642
Scala	5536	47421	94842940
Scala	5552	47489	94978120
Scala	5568	47456	94913172
Scala	5584	48545	97091913
Scala	5600	48718	97436245
Scala	5616	53963	107926042
Scala	5632	48293	96586648
Scala	5648	48096	96192186
Scala	5664	48921	97842246
Scala	5680	48898	97796335
Scala	5696	48463	96927955
Scala	5712	49875	99750967
Scala	5728	48547	97094986
Scala	5744	48687	97374624
Scala	5760	54026	108053495
Scala	5776	49528	99057322
Scala	5792	49283	98566145
Scala	5808	50051	100103244
Scala	5824	49387	98775013
Scala	5840	49677	99354748
Scala	5856	49793	99587387
Scala	5872	49940	99881010
Scala	5888	50684	101369549
Scala	5904	50589	101179133
Scala	5920	50216	100433165
Scala	5936	50505	101010630
Scala	5952	53345	106690241
Scala	5968	50931	101862188
Scala	5984	50798	101596034
Scala	6000	51459	102918460
Scala	6016	51291	102583429
Scala	6032	51301	102602154
Scala	6048	53923	107846523
Scala	6064	51626	103252903
Scala	6080	54182	108365985
Scala	6096	51798	103597743
Scala	6112	54441	108882580
Scala	6128	52481	104963138
Scala	6144	52362	104724315
Scala	6160	52465	104930836
Scala	6176	52392	104784012
Scala	6192	52638	105277331
Scala	6208	52780	105560722
Scala	6224	52960	105921914
Scala	6240	55444	110889605
Scala	6256	53633	107266565
Scala	6272	53238	106477286
Scala	6288	55505	111010627
Scala	6304	53917	107835229
Scala	6320	53862	107724077
Scala	6336	54098	108197615
Scala	6352	56770	113541741
Scala	6368	54166	108332792
Scala	6384	54143	108287685
Scala	6400	54434	108868977
Scala	6416	56976	113953683
Scala	6432	54592	109185110
Scala	6448	54780	109561545
Scala	6464	54823	109647566
Scala	6480	54898	109797397
Scala	6496	60602	121204351
Scala	6512	56051	112103029
Scala	6528	56008	112017887
Scala	6544	58214	116429367
Scala	6560	56706	113413512
Scala	6576	55976	111952485
Scala	6592	58401	116803800
Scala	6608	56127	112254251
Scala	6624	58570	117141701
Scala	6640	56324	112649651
Scala	6656	56382	112764273
Scala	6672	56672	113345188
Scala	6688	56844	113688729
Scala	6704	56863	113727037
Scala	6720	57272	114545894
Scala	6736	58539	117078226
Scala	6752	57248	114497305
Scala	6768	57815	115631396
Scala	6784	57532	115065776
Scala	6800	57770	115540678
Scala	6816	58212	116425287
Scala	6832	58005	116011730
Scala	6848	58250	116500497
Scala	6864	58552	117105019
Scala	6880	58542	117085949
Scala	6896	58591	117183952
Scala	6912	58562	117125088
Scala	6928	58614	117229299
Scala	6944	58933	117867607
Scala	6960	59064	118129856
Scala	6976	59860	119720836
Scala	6992	59709	119418838
Scala	7008	62252	124505401
Scala	7024	59749	119499830
Scala	7040	60182	120364493
Scala	7056	60356	120712297
Scala	7072	59820	119640798
Scala	7088	60527	121055203
Scala	7104	61447	122894262
Scala	7120	60495	120991957
Scala	7136	62369	124738378
Scala	7152	60719	121438607
Scala	7168	63771	127543945
Scala	7184	63619	127238782
Scala	7200	63313	126626107
Scala	7216	61515	123031531
Scala	7232	61342	122685480
Scala	7248	61674	123348559
Scala	7264	61741	123483417
Scala	7280	61944	123888514
Scala	7296	61924	123848813
Scala	7312	62161	124323758
Scala	7328	64726	129452146
Scala	7344	62532	125065898
Scala	7360	63892	127784116
Scala	7376	62677	125355927
Scala	7392	66633	133267303
Scala	7408	65490	130981415
Scala	7424	63212	126424601
Scala	7440	63369	126738946
Scala	7456	66592	133185567
Scala	7472	77579	155159116
Scala	7488	90221	180442652
Scala	7504	70862	141724064
Scala	7520	70694	141388864
Scala	7536	67723	135447532
Scala	7552	65241	130482379
Scala	7568	64208	128417209
Scala	7584	65116	130233916
Scala	7600	65738	131477475
Scala	7616	65301	130602083
Scala	7632	65824	131649960
Scala	7648	65246	130493641
Scala	7664	65247	130495536
Scala	7680	65550	131100843
Scala	7696	66712	133424108
Scala	7712	66062	132124568
Scala	7728	67435	134871129
Scala	7744	66023	132046031
Scala	7760	69264	138528302
Scala	7776	66386	132773855
Scala	7792	66145	132290095
Scala	7808	66280	132561151
Scala	7824	66512	133025550
Scala	7840	71398	142797239
Scala	7856	66682	133364700
Scala	7872	66707	133415289
Scala	7888	69292	138584603
Scala	7904	66908	133816530
Scala	7920	67398	134797003
Scala	7936	67212	134425509
Scala	7952	67441	134882352
Scala	7968	69936	139873091
Scala	7984	67318	134636828
Scala	8000	70338	140677647
Scala	8016	68374	136748346
Scala	8032	68132	136264481
Scala	8048	68240	136481346
Scala	8064	68789	137579612
Scala	8080	68572	137145513
Scala	8096	68548	137096671
Scala	8112	68602	137205712
Scala	8128	68640	137280404
Scala	8144	69173	138347756
Scala	8160	69621	139242762
Scala	8176	69289	138579028
Scala	8192	69597	139195151
Scala	8208	69758	139517370
Scala	8224	70131	140262467
Scala	8240	72297	144594079
Scala	8256	69828	139656733
Scala	8272	70424	140849337
Scala	8288	70268	140536906
Scala	8304	70925	141850875
Scala	8320	70518	141036921
Scala	8336	79908	159817888
Scala	8352	74830	149661238
Scala	8368	71222	142444182
Scala	8384	71573	143146884
Scala	8400	74254	148509516
Scala	8416	71436	142873783
Scala	8432	71333	142667384
Scala	8448	71984	143969004
Scala	8464	71783	143567121
Scala	8480	72763	145526208
Scala	8496	71867	143734062
Scala	8512	72247	144494774
Scala	8528	72523	145047846
Scala	8544	74774	149549629
Scala	8560	72387	144775016
Scala	8576	72683	145367022
Scala	8592	74449	148898492
Scala	8608	73129	146258505
Scala	8624	73494	146988275
Scala	8640	73336	146672573
Scala	8656	76115	152231269
Scala	8672	73672	147345575
Scala	8688	73648	147296890
Scala	8704	73758	147517543
Scala	8720	73861	147722631
Scala	8736	74087	148174003
Scala	8752	74366	148732730
Scala	8768	74212	148424750
Scala	8784	76049	152099798
Scala	8800	77774	155548148
Scala	8816	78071	156143797
Scala	8832	78112	156225317
Scala	8848	77932	155864458
Scala	8864	75596	151192208
Scala	8880	75724	151448746
Scala	8896	76988	153977006
Scala	8912	75401	150803144
Scala	8928	75660	151321557
Scala	8944	76022	152045026
Scala	8960	75958	151916286
Scala	8976	78518	157037314
Scala	8992	76353	152706020
Scala	9008	76661	153323011
Scala	9024	76705	153410406
Scala	9040	76588	153177724
Scala	9056	79464	158929849
Scala	9072	76992	153985892
Scala	9088	76973	153947355
Scala	9104	77861	155723506
Scala	9120	92448	184897775
Scala	9136	81835	163671033
Scala	9152	78763	157526758
Scala	9168	78534	157068574
Scala	9184	78882	157764258
Scala	9200	78285	156571492
Scala	9216	78487	156974637
Scala	9232	78916	157833678
Scala	9248	79443	158886089
Scala	9264	79759	159518100
Scala	9280	78798	157596739
Scala	9296	80025	160050814
Scala	9312	82724	165448813
Scala	9328	80194	160388259
Scala	9344	82412	164824572
Scala	9360	83173	166346678
Scala	9376	79799	159599372
Scala	9392	79848	159697827
Scala	9408	79772	159545146
Scala	9424	82450	164900822
Scala	9440	81946	163893879
Scala	9456	79969	159938174
Scala	9472	80696	161392409
Scala	9488	80381	160763052
Scala	9504	80579	161158343
Scala	9520	83176	166353607
Scala	9536	80981	161963828
Scala	9552	80912	161825949
Scala	9568	80940	161881471
Scala	9584	81224	162448431
Scala	9600	81153	162306816
Scala	9616	81599	163198652
Scala	9632	81312	162624123
Scala	9648	81825	163651402
Scala	9664	84696	169393426
Scala	9680	82818	165637683
Scala	9696	82594	165189710
Scala	9712	85509	171018382
Scala	9728	83136	166272198
Scala	9744	85399	170798012
Scala	9760	82661	165323098
Scala	9776	83343	166687037
Scala	9792	83157	166314982
Scala	9808	82904	165808489
Scala	9824	83304	166608360
Scala	9840	89378	178756938
Scala	9856	83856	167712252
Scala	9872	84264	168529029
Scala	9888	83694	167388018
Scala	9904	86257	172514282
Scala	9920	84491	168983221
Scala	9936	84635	169270159
Scala	9952	86795	173591012
Scala	9968	84760	169520134
Scala	9984	87279	174559938
Scala	10000	84753	169506664
Scala	10016	85190	170380446
Scala	10032	85041	170082212
Scala	10048	85042	170084191
Scala	10064	85287	170575017
Scala	10080	85492	170985655
Scala	10096	85612	171224676
Scala	10112	88759	177519258
Scala	10128	85873	171747911
Scala	10144	86858	173717877
Scala	10160	86169	172338768
Scala	10176	86300	172601187
Scala	10192	86469	172939262
Scala	10208	86505	173011250
Scala	10224	86619	173239001
Scala	10240	87121	174243495
Scala	10256	87623	175246154
Scala	10272	87395	174790029
Scala	10288	87559	175118115
Scala	10304	87222	174444584
Scala	10320	87727	175454142
Scala	10336	89093	178187812
Scala	10352	87882	175765993
Scala	10368	87865	175731008
Scala	10384	88015	176030093
Scala	10400	90790	181581400
Scala	10416	88239	176479733
Scala	10432	88759	177518116
Scala	10448	91386	182773615
Scala	10464	88658	177317551
Scala	10480	89365	178731708
Scala	10496	91459	182918561
Scala	10512	91420	182840580
Scala	10528	98402	196805764
Scala	10544	90727	181454012
Scala	10560	90017	180035598
Scala	10576	90367	180734196
Scala	10592	90112	180224191
Scala	10608	90447	180894477
Scala	10624	90997	181994146
Scala	10640	91323	182646209
Scala	10656	91000	182001066
Scala	10672	90855	181711679
Scala	10688	91956	183912705
Scala	10704	91264	182529401
Scala	10720	91728	183457750
Scala	10736	94898	189797662
Scala	10752	91665	183331940
Scala	10768	91316	182632064
Scala	10784	94209	188418752
Scala	10800	94840	189681672
Scala	10816	91349	182698951
Scala	10832	92318	184636501
Scala	10848	92786	185573015
Scala	10864	92120	184241108
Scala	10880	94121	188243411
Scala	10896	92486	184972766
Scala	10912	95269	190538632
Scala	10928	92703	185407097
Scala	10944	95164	190329229
Scala	10960	95414	190829163
Scala	10976	92969	185938646
Scala	10992	95598	191196975
Scala	11008	93349	186699593
Scala	11024	95798	191596032
Scala	11040	96489	192979247
Scala	11056	94949	189899808
Scala	11072	94597	189195718
Scala	11088	94686	189372108
Scala	11104	94093	188186785
Scala	11120	96034	192069328
Scala	11136	96874	193748264
Scala	11152	103573	207147949
Scala	11168	96323	192646816
Scala	11184	95032	190064828
Scala	11200	94920	189840839
Scala	11216	95069	190139703
Scala	11232	96429	192858060
Scala	11248	95232	190464260
Scala	11264	97647	195294427
Scala	11280	96929	193859043
Scala	11296	96056	192113332
Scala	11312	96358	192716855
Scala	11328	97692	195385997
Scala	11344	96365	192730182
Scala	11360	98730	197460011
Scala	11376	99429	198859140
Scala	11392	96334	192668404
Scala	11408	101578	203157208
Scala	11424	99162	198324030
Scala	11440	97366	194732678
Scala	11456	99688	199376433
Scala	11472	97370	194740520
Scala	11488	98158	196317647
Scala	11504	98500	197000256
Scala	11520	98700	197401401
Scala	11536	99065	198131595
Scala	11552	98641	197282269
Scala	11568	99517	199034474
Scala	11584	98986	197972576
Scala	11600	98754	197509891
Scala	11616	98966	197932003
Scala	11632	98709	197419509
Scala	11648	98850	197701751
Scala	11664	100105	200210926
Scala	11680	99613	199227237
Scala	11696	101171	202343838
Scala	11712	105858	211717893
Scala	11728	100620	201241016
Scala	11744	101361	202722954
Scala	11760	108315	216630187
Scala	11776	101396	202792539
Scala	11792	101365	202731054
Scala	11808	102733	205466150
Scala	11824	101689	203379250
Scala	11840	102246	204492978
Scala	11856	102295	204591881
Scala	11872	104783	209566941
Scala	11888	111667	223334018
Scala	11904	105483	210966748
Scala	11920	101931	203863982
Scala	11936	105242	210485832
Scala	11952	109009	218019175
Scala	11968	104631	209262100
Scala	11984	101457	202914893
Scala	12000	101985	203971450
Scala	12016	102641	205282498
Scala	12032	105103	210206455
Scala	12048	108340	216681923
Scala	12064	109301	218602036
Scala	12080	102646	205292375
Scala	12096	102656	205312574
Scala	12112	106722	213444247
Scala	12128	103656	207313666
Scala	12144	110204	220409696
Scala	12160	104405	208810763
Scala	12176	104368	208736115
Scala	12192	104773	209546361
Scala	12208	109808	219617869
Scala	12224	108913	217827227
Scala	12240	114499	228999472
Scala	12256	106849	213698846
Scala	12272	105034	210068857
Scala	12288	104569	209138144
Scala	12304	149056	298113522
Scala	12320	113755	227510786
Scala	12336	107355	214711156
Scala	12352	105221	210443641
Scala	12368	105595	211190097
Scala	12384	112605	225210467
Scala	12400	106595	213190905
Scala	12416	106702	213405880
Scala	12432	107064	214129415
Scala	12448	110026	220052895
Scala	12464	110208	220416117
Scala	12480	127663	255326194
Scala	12496	113175	226351701
Scala	12512	112278	224557694
Scala	12528	107378	214756618
Scala	12544	108098	216197634
Scala	12560	113571	227142798
Scala	12576	112511	225022399
Scala	12592	108416	216833326
Scala	12608	110722	221444492
Scala	12624	111007	222014792
Scala	12640	108243	216486781
Scala	12656	108182	216365671
Scala	12672	108457	216915332
Scala	12688	108177	216354698
Scala	12704	108062	216124673
Scala	12720	108491	216983202
Scala	12736	109295	218590338
Scala	12752	108820	217640086
Scala	12768	110210	220420712
Scala	12784	117035	234071392
Scala	12800	110026	220052262
Scala	12816	108731	217462717
Scala	12832	109476	218952603
Scala	12848	110332	220665117
Scala	12864	108916	217832732
Scala	12880	111784	223569858
Scala	12896	110013	220027482
Scala	12912	110266	220532907
Scala	12928	112598	225197000
Scala	12944	109963	219926499
Scala	12960	111365	222731720
Scala	12976	111723	223446529
Scala	12992	111438	222877447
Scala	13008	112032	224065296
Scala	13024	110882	221765033
Scala	13040	111251	222503718
Scala	13056	112643	225286285
Scala	13072	117041	234083435
Scala	13088	111641	223282149
Scala	13104	111477	222954068
Scala	13120	112551	225103674
Scala	13136	112736	225473887
Scala	13152	112788	225576749
Scala	13168	118787	237575600
Scala	13184	112677	225354430
Scala	13200	114506	229013197
Scala	13216	112259	224518195
Scala	13232	112653	225307475
Scala	13248	116634	233269703
Scala	13264	112500	225000910
Scala	13280	119790	239581134
Scala	13296	114683	229366164
Scala	13312	136593	273186264
Scala	13328	114657	229315056
Scala	13344	116821	233643509
Scala	13360	115593	231186138
Scala	13376	115402	230804362
Scala	13392	116274	232548442
Scala	13408	115994	231988729
Scala	13424	114769	229538563
Scala	13440	115229	230459156
Scala	13456	116082	232164890
Scala	13472	115347	230694217
Scala	13488	122959	245918367
Scala	13504	114801	229603346
Scala	13520	114634	229268704
Scala	13536	114758	229516590
Scala	13552	117393	234786602
Scala	13568	118333	236667671
Scala	13584	116839	233679733
Scala	13600	117833	235666671
Scala	13616	118054	236109175
Scala	13632	122143	244287312
Scala	13648	116862	233724854
Scala	13664	116130	232260433
Scala	13680	117450	234900388
Scala	13696	120250	240501184
Scala	13712	119028	238056838
Scala	13728	116281	232563825
Scala	13744	122792	245585135
Scala	13760	120215	240431787
Scala	13776	117596	235193248
Scala	13792	121394	242789425
Scala	13808	126522	253044236
Scala	13824	118048	236096364
Scala	13840	124357	248715994
Scala	13856	122607	245215245
Scala	13872	118653	237306448
Scala	13888	119320	238640494
Scala	13904	118881	237763249
Scala	13920	121517	243034688
Scala	13936	118427	236855389
Scala	13952	120062	240125623
Scala	13968	119556	239112910
Scala	13984	119335	238671823
Scala	14000	119116	238233053
Scala	14016	119298	238597979
Scala	14032	119432	238864395
Scala	14048	119237	238475837
Scala	14064	121462	242924323
Scala	14080	119861	239723480
Scala	14096	119719	239439459
Scala	14112	120233	240467867
Scala	14128	120539	241079722
Scala	14144	122045	244090362
Scala	14160	125778	251557996
Scala	14176	126529	253058285
Scala	14192	124393	248786200
Scala	14208	122583	245166406
Scala	14224	122148	244296912
Scala	14240	120245	240491419
Scala	14256	120837	241674820
Scala	14272	122824	245648740
Scala	14288	121948	243896236
Scala	14304	134521	269043673
Scala	14320	125805	251610175
Scala	14336	122150	244300948
Scala	14352	122397	244794579
Scala	14368	122787	245575486
Scala	14384	122675	245350696
Scala	14400	125832	251664225
Scala	14416	124113	248227625
Scala	14432	125781	251563960
Scala	14448	123201	246403429
Scala	14464	129284	258568669
Scala	14480	123473	246947032
Scala	14496	122966	245932160
Scala	14512	123815	247630508
Scala	14528	125644	251289816
Scala	14544	124017	248034871
Scala	14560	126131	252262665
Scala	14576	123139	246278451
Scala	14592	123321	246643595
Scala	14608	124050	248100724
Scala	14624	123871	247743124
Scala	14640	126253	252507623
Scala	14656	124697	249395492
Scala	14672	124613	249227549
Scala	14688	123979	247958479
Scala	14704	125293	250586803
Scala	14720	124727	249454103
Scala	14736	129784	259568507
Scala	14752	124902	249805079
Scala	14768	130891	261782667
Scala	14784	130307	260614521
Scala	14800	126178	252357167
Scala	14816	125499	250999614
Scala	14832	126560	253121134
Scala	14848	126705	253410040
Scala	14864	127093	254187803
Scala	14880	127034	254068782
Scala	14896	126932	253865463
Scala	14912	126975	253950171
Scala	14928	129884	259769461
Scala	14944	127150	254301088
Scala	14960	131815	263631347
Scala	14976	135763	271526103
Scala	14992	127012	254024814
Scala	15008	127427	254855753
Scala	15024	127448	254897730
Scala	15040	127215	254431811
Scala	15056	130152	260305838
Scala	15072	129425	258851935
Scala	15088	129339	258678722
Scala	15104	128159	256319413
Scala	15120	127859	255719268
Scala	15136	128172	256344706
Scala	15152	128016	256033030
Scala	15168	128680	257361416
Scala	15184	128246	256492909
Scala	15200	128568	257136304
Scala	15216	129388	258776042
Scala	15232	140344	280688192
Scala	15248	132035	264070498
Scala	15264	130430	260861091
Scala	15280	130432	260864956
Scala	15296	130154	260309688
Scala	15312	131454	262908066
Scala	15328	133889	267779435
Scala	15344	132018	264036085
Scala	15360	132071	264143485
Scala	15376	131341	262682840
Scala	15392	135035	270071848
Scala	15408	130839	261679573
Scala	15424	130335	260670836
Scala	15440	131262	262525949
Scala	15456	130496	260993224
Scala	15472	131436	262872076
Scala	15488	131445	262891717
Scala	15504	131462	262924459
Scala	15520	133545	267091115
Scala	15536	131454	262909721
Scala	15552	132343	264686008
Scala	15568	131941	263883033
Scala	15584	134309	268619470
Scala	15600	132253	264506811
Scala	15616	132387	264775609
Scala	15632	134736	269473185
Scala	15648	132982	265965693
Scala	15664	132749	265498973
Scala	15680	147324	294649108
Scala	15696	135302	270604535
Scala	15712	134154	268308248
Scala	15728	136713	273427149
Scala	15744	134951	269902731
Scala	15760	134701	269403606
Scala	15776	134678	269357747
Scala	15792	135574	271149466
Scala	15808	135084	270168668
Scala	15824	139099	278198375
Scala	15840	135148	270297982
Scala	15856	134859	269719793
Scala	15872	134860	269721281
Scala	15888	134763	269527004
Scala	15904	134355	268710660
Scala	15920	134859	269718078
Scala	15936	134403	268806554
Scala	15952	134642	269285581
Scala	15968	137459	274919546
Scala	15984	138004	276009656
Scala	16000	135139	270279027
