AVX2	16	2	5156
AVX2	32	4	8611
AVX2	48	5	11916
AVX2	64	7	15229
AVX2	80	9	18646
AVX2	96	12	25240
AVX2	112	30	60788
AVX2	128	14	29634
AVX2	144	16	33378
AVX2	160	18	37030
AVX2	176	24	48420
AVX2	192	26	52540
AVX2	208	25	50770
AVX2	224	26	52777
AVX2	240	28	56426
AVX2	256	29	58109
AVX2	272	30	61930
AVX2	288	32	65410
AVX2	304	34	68762
AVX2	320	36	72381
AVX2	336	37	75816
AVX2	352	39	79281
AVX2	368	56	112313
AVX2	384	61	122212
AVX2	400	55	111596
AVX2	416	58	116004
AVX2	432	48	97050
AVX2	448	50	100479
AVX2	464	52	104119
AVX2	480	64	128300
AVX2	496	55	111197
AVX2	512	72	144037
AVX2	528	59	118156
AVX2	544	67	134758
AVX2	560	90	180475
AVX2	576	71	142633
AVX2	592	73	146455
AVX2	608	67	135904
AVX2	624	69	139476
AVX2	640	88	176831
AVX2	656	73	146658
AVX2	672	89	178981
AVX2	688	77	155388
AVX2	704	92	185135
AVX2	720	80	161292
AVX2	736	82	164311
AVX2	752	83	167740
AVX2	768	86	172723
AVX2	784	101	203094
AVX2	800	103	206443
AVX2	816	156	313120
AVX2	832	166	332666
AVX2	848	110	221191
AVX2	864	122	244646
AVX2	880	124	248422
AVX2	896	125	251911
AVX2	912	128	257103
AVX2	928	130	261291
AVX2	944	132	264432
AVX2	960	139	279659
AVX2	976	136	272119
AVX2	992	367	735282
AVX2	1008	235	470998
AVX2	1024	198	396698
AVX2	1040	173	347435
AVX2	1056	216	432545
AVX2	1072	196	392504
AVX2	1088	157	315198
AVX2	1104	210	420549
AVX2	1120	204	409308
AVX2	1136	195	391350
AVX2	1152	236	472758
AVX2	1168	200	400409
AVX2	1184	188	376418
AVX2	1200	162	325627
AVX2	1216	149	298504
AVX2	1232	151	302575
AVX2	1248	168	336430
AVX2	1264	154	308086
AVX2	1280	156	312695
AVX2	1296	158	316006
AVX2	1312	177	355096
AVX2	1328	172	344983
AVX2	1344	163	326084
AVX2	1360	217	435948
AVX2	1376	166	332672
AVX2	1392	168	337156
AVX2	1408	188	377507
AVX2	1424	172	344124
AVX2	1440	173	347036
AVX2	1456	175	351044
AVX2	1472	177	354388
AVX2	1488	179	358271
AVX2	1504	180	361248
AVX2	1520	202	404326
AVX2	1536	184	368531
AVX2	1552	186	373547
AVX2	1568	194	388093
AVX2	1584	189	378771
AVX2	1600	191	383591
AVX2	1616	266	532145
AVX2	1632	229	459725
AVX2	1648	196	392713
AVX2	1664	198	396356
AVX2	1680	200	400753
AVX2	1696	283	567864
AVX2	1712	203	406384
AVX2	1728	205	411881
AVX2	1744	252	504272
AVX2	1760	223	447530
AVX2	1776	210	421054
AVX2	1792	212	425104
AVX2	1808	215	430165
AVX2	1824	216	433267
AVX2	1840	289	579014
AVX2	1856	220	440529
AVX2	1872	221	443069
AVX2	1888	282	564301
AVX2	1904	225	451963
AVX2	1920	227	454370
AVX2	1936	270	541710
AVX2	1952	230	460919
AVX2	1968	232	464458
AVX2	1984	233	467807
AVX2	2000	235	470684
AVX2	2016	261	522172
AVX2	2032	302	605987
AVX2	2048	265	531202
AVX2	2064	263	527913
AVX2	2080	359	719502
AVX2	2096	263	527185
AVX2	2112	263	526632
AVX2	2128	361	723225
AVX2	2144	268	537169
AVX2	2160	270	541109
AVX2	2176	267	534750
AVX2	2192	271	543822
AVX2	2208	271	542295
AVX2	2224	279	559463
AVX2	2240	262	524674
AVX2	2256	264	529176
AVX2	2272	343	686478
AVX2	2288	267	535900
AVX2	2304	269	539368
AVX2	2320	271	543358
AVX2	2336	338	677938
AVX2	2352	354	708912
AVX2	2368	296	592120
AVX2	2384	277	555788
AVX2	2400	279	559609
AVX2	2416	281	562964
AVX2	2432	283	566381
AVX2	2448	284	569234
AVX2	2464	287	574199
AVX2	2480	288	577836
AVX2	2496	320	640709
AVX2	2512	326	652883
AVX2	2528	314	628181
AVX2	2544	295	591484
AVX2	2560	298	596369
AVX2	2576	299	598844
AVX2	2592	371	742841
AVX2	2608	335	671508
AVX2	2624	337	674036
AVX2	2640	339	679574
AVX2	2656	308	616827
AVX2	2672	310	620696
AVX2	2688	312	625670
AVX2	2704	326	652059
AVX2	2720	408	817391
AVX2	2736	352	704929
AVX2	2752	412	825764
AVX2	2768	321	643992
AVX2	2784	323	646473
AVX2	2800	325	650600
AVX2	2816	326	653907
AVX2	2832	328	657113
AVX2	2848	330	661734
AVX2	2864	416	833758
AVX2	2880	459	918114
AVX2	2896	372	744952
AVX2	2912	395	791541
AVX2	2928	369	738195
AVX2	2944	341	682748
AVX2	2960	342	685972
AVX2	2976	345	690310
AVX2	2992	347	694254
AVX2	3008	348	696452
AVX2	3024	349	698360
AVX2	3040	445	890387
AVX2	3056	420	841278
AVX2	3072	376	752220
AVX2	3088	381	762112
AVX2	3104	502	1004493
AVX2	3120	369	738685
AVX2	3136	363	727480
AVX2	3152	363	727028
AVX2	3168	365	731670
AVX2	3184	406	812503
AVX2	3200	408	816091
AVX2	3216	370	740937
AVX2	3232	477	955171
AVX2	3248	503	1007348
AVX2	3264	404	808016
AVX2	3280	377	755334
AVX2	3296	379	758769
AVX2	3312	381	763259
AVX2	3328	463	926673
AVX2	3344	426	852306
AVX2	3360	386	773350
AVX2	3376	389	778301
AVX2	3392	403	807257
AVX2	3408	393	786478
AVX2	3424	395	790626
AVX2	3440	396	793380
AVX2	3456	426	852250
AVX2	3472	400	800500
AVX2	3488	401	803736
AVX2	3504	403	807506
AVX2	3520	432	865123
AVX2	3536	421	843300
AVX2	3552	408	817627
AVX2	3568	471	942826
AVX2	3584	434	868502
AVX2	3600	498	996170
AVX2	3616	440	881207
AVX2	3632	458	917454
AVX2	3648	419	838748
AVX2	3664	465	931201
AVX2	3680	424	848164
AVX2	3696	742	1485893
AVX2	3712	426	853145
AVX2	3728	427	855537
AVX2	3744	429	858128
AVX2	3760	468	936401
AVX2	3776	432	864662
AVX2	3792	434	868980
AVX2	3808	501	1003612
AVX2	3824	438	876702
AVX2	3840	440	881884
AVX2	3856	505	1010453
AVX2	3872	495	991798
AVX2	3888	551	1103285
AVX2	3904	517	1034461
AVX2	3920	463	926759
AVX2	3936	452	904746
AVX2	3952	645	1290689
AVX2	3968	469	939400
AVX2	3984	508	1016648
AVX2	4000	458	917595
AVX2	4016	460	920355
AVX2	4032	462	924584
AVX2	4048	463	927626
AVX2	4064	516	1032260
AVX2	4080	511	1022644
AVX2	4096	511	1023060
AVX2	4112	571	1142907
AVX2	4128	515	1031739
AVX2	4144	509	1019075
AVX2	4160	570	1141810
AVX2	4176	552	1105568
AVX2	4192	514	1029038
AVX2	4208	581	1162757
AVX2	4224	506	1012903
AVX2	4240	535	1070963
AVX2	4256	511	1023201
AVX2	4272	532	1064105
AVX2	4288	490	980747
AVX2	4304	491	983873
AVX2	4320	493	987593
AVX2	4336	541	1083288
AVX2	4352	541	1082979
AVX2	4368	498	997411
AVX2	4384	501	1002206
AVX2	4400	502	1005071
AVX2	4416	555	1110265
AVX2	4432	506	1012969
AVX2	4448	508	1017164
AVX2	4464	526	1053098
AVX2	4480	511	1022718
AVX2	4496	513	1027341
AVX2	4512	549	1098199
AVX2	4528	517	1035478
AVX2	4544	558	1117566
AVX2	4560	521	1042113
AVX2	4576	525	1051196
AVX2	4592	524	1048679
AVX2	4608	525	1051642
AVX2	4624	568	1137656
AVX2	4640	529	1059133
AVX2	4656	658	1317756
AVX2	4672	585	1170217
AVX2	4688	534	1068900
AVX2	4704	535	1071910
AVX2	4720	537	1075063
AVX2	4736	541	1082040
AVX2	4752	603	1206955
AVX2	4768	545	1090966
AVX2	4784	546	1092134
AVX2	4800	604	1209214
AVX2	4816	620	1240642
AVX2	4832	614	1228661
AVX2	4848	553	1106572
AVX2	4864	597	1194675
AVX2	4880	557	1115685
AVX2	4896	558	1117029
AVX2	4912	694	1389724
AVX2	4928	725	1451334
AVX2	4944	564	1128656
AVX2	4960	565	1131883
AVX2	4976	568	1137511
AVX2	4992	647	1294699
AVX2	5008	571	1143218
AVX2	5024	572	1145444
AVX2	5040	576	1153746
AVX2	5056	576	1153434
AVX2	5072	606	1212923
AVX2	5088	640	1281324
AVX2	5104	621	1242102
AVX2	5120	619	1238218
AVX2	5136	694	1389527
AVX2	5152	651	1303574
AVX2	5168	609	1218051
AVX2	5184	626	1252901
AVX2	5200	592	1184278
AVX2	5216	707	1414524
AVX2	5232	633	1266541
AVX2	5248	660	1320869
AVX2	5264	656	1313648
AVX2	5280	603	1207098
AVX2	5296	603	1207422
AVX2	5312	604	1208010
AVX2	5328	651	1302609
AVX2	5344	607	1214176
AVX2	5360	611	1223212
AVX2	5376	661	1322565
AVX2	5392	647	1294015
AVX2	5408	614	1228903
AVX2	5424	701	1403994
AVX2	5440	717	1435113
AVX2	5456	693	1387981
AVX2	5472	629	1259464
AVX2	5488	634	1269053
AVX2	5504	694	1389812
AVX2	5520	646	1293641
AVX2	5536	650	1301625
AVX2	5552	725	1450392
AVX2	5568	730	1461555
AVX2	5584	702	1405599
AVX2	5600	699	1399686
AVX2	5616	690	1381226
AVX2	5632	731	1463930
AVX2	5648	694	1388703
AVX2	5664	705	1410368
AVX2	5680	734	1469226
AVX2	5696	787	1574665
AVX2	5712	776	1553353
AVX2	5728	812	1624729
AVX2	5744	919	1838545
AVX2	5760	877	1755434
AVX2	5776	912	1824579
AVX2	5792	947	1894934
AVX2	5808	952	1904938
AVX2	5824	966	1932903
AVX2	5840	1032	2064121
AVX2	5856	995	1990522
AVX2	5872	1062	2125154
AVX2	5888	1037	2075079
AVX2	5904	1162	2324941
AVX2	5920	1166	2333094
AVX2	5936	1161	2322294
AVX2	5952	1084	2168545
AVX2	5968	1226	2452867
AVX2	5984	1108	2217678
AVX2	6000	1122	2245634
AVX2	6016	1109	2218501
AVX2	6032	1127	2254607
AVX2	6048	1127	2254934
AVX2	6064	1146	2293884
AVX2	6080	1186	2372552
AVX2	6096	1231	2463810
AVX2	6112	2751	5503085
AVX2	6128	2977	5955568
AVX2	6144	1218	2436506
AVX2	6160	1262	2525150
AVX2	6176	1278	2557909
AVX2	6192	1435	2871692
AVX2	6208	1428	2857087
AVX2	6224	1458	2916923
AVX2	6240	1551	3102451
AVX2	6256	1641	3282006
AVX2	6272	1787	3575080
AVX2	6288	1711	3422251
AVX2	6304	1784	3568127
AVX2	6320	1687	3375902
AVX2	6336	1476	2952530
AVX2	6352	1462	2925615
AVX2	6368	1442	2885727
AVX2	6384	1430	2860083
AVX2	6400	1393	2786284
AVX2	6416	1501	3002239
AVX2	6432	1574	3148190
AVX2	6448	1584	3169103
AVX2	6464	1720	3440709
AVX2	6480	1714	3429855
AVX2	6496	1909	3819371
AVX2	6512	1834	3669271
AVX2	6528	1979	3959934
AVX2	6544	1988	3977272
AVX2	6560	1818	3637857
AVX2	6576	1832	3664283
AVX2	6592	1805	3611804
AVX2	6608	1746	3493336
AVX2	6624	1743	3487747
AVX2	6640	1732	3465408
AVX2	6656	1724	3448845
AVX2	6672	1749	3499419
AVX2	6688	1755	3510903
AVX2	6704	1744	3489759
AVX2	6720	1762	3525231
AVX2	6736	1757	3514727
AVX2	6752	1817	3635020
AVX2	6768	2313	4626906
AVX2	6784	2469	4938586
AVX2	6800	2372	4744981
AVX2	6816	1826	3652566
AVX2	6832	1898	3796369
AVX2	6848	1873	3746653
AVX2	6864	2089	4178477
AVX2	6880	1910	3821673
AVX2	6896	1929	3858766
AVX2	6912	2033	4066894
AVX2	6928	1913	3826791
AVX2	6944	1894	3788557
AVX2	6960	1973	3947060
AVX2	6976	1914	3828451
AVX2	6992	1937	3874885
AVX2	7008	1950	3901688
AVX2	7024	1945	3891914
AVX2	7040	1970	3940025
AVX2	7056	2162	4325120
AVX2	7072	1915	3831449
AVX2	7088	1979	3958006
AVX2	7104	1978	3957696
AVX2	7120	1978	3956677
AVX2	7136	2016	4032582
AVX2	7152	1993	3986974
AVX2	7168	2001	4002181
AVX2	7184	2111	4222697
AVX2	7200	2023	4047900
AVX2	7216	2112	4225965
AVX2	7232	2068	4137714
AVX2	7248	2033	4067406
AVX2	7264	2102	4204697
AVX2	7280	2047	4095817
AVX2	7296	2075	4151779
AVX2	7312	2087	4175737
AVX2	7328	2123	4247286
AVX2	7344	2079	4158176
AVX2	7360	2011	4022607
AVX2	7376	2085	4170058
AVX2	7392	2170	4341810
AVX2	7408	2215	4431943
AVX2	7424	2102	4205445
AVX2	7440	2017	4034522
AVX2	7456	2095	4191934
AVX2	7472	2092	4185866
AVX2	7488	2094	4189319
AVX2	7504	2073	4147877
AVX2	7520	2103	4206883
AVX2	7536	2022	4044670
AVX2	7552	2109	4218736
AVX2	7568	2132	4264666
AVX2	7584	2173	4346243
AVX2	7600	2142	4285561
AVX2	7616	2151	4303878
AVX2	7632	2161	4323821
AVX2	7648	2141	4283864
AVX2	7664	2159	4318817
AVX2	7680	2172	4345397
AVX2	7696	2186	4372122
AVX2	7712	2265	4531221
AVX2	7728	2283	4567891
AVX2	7744	2242	4484492
AVX2	7760	2193	4386878
AVX2	7776	2189	4379912
AVX2	7792	2208	4417204
AVX2	7808	2237	4475676
AVX2	7824	2238	4476722
AVX2	7840	2270	4540770
AVX2	7856	2189	4378483
AVX2	7872	2216	4432180
AVX2	7888	2198	4397483
AVX2	7904	2203	4406020
AVX2	7920	2216	4432786
AVX2	7936	2243	4487089
AVX2	7952	2206	4412216
AVX2	7968	2204	4408108
AVX2	7984	2216	4433312
AVX2	8000	2235	4471819
AVX2	8016	2242	4485422
AVX2	8032	2260	4521471
AVX2	8048	2248	4496870
AVX2	8064	2246	4493849
AVX2	8080	2203	4406644
AVX2	8096	2218	4436423
AVX2	8112	2257	4514170
AVX2	8128	2205	4411650
AVX2	8144	2249	4498877
AVX2	8160	2284	4568058
AVX2	8176	2279	4559416
AVX2	8192	2265	4530840
AVX2	8208	2266	4532450
AVX2	8224	2352	4704556
AVX2	8240	2284	4568738
AVX2	8256	2224	4448561
AVX2	8272	2284	4568298
AVX2	8288	2339	4679290
AVX2	8304	2198	4397227
AVX2	8320	2178	4357609
AVX2	8336	2320	4640456
AVX2	8352	2241	4482370
AVX2	8368	2349	4699296
AVX2	8384	2327	4655539
AVX2	8400	2387	4774004
AVX2	8416	2527	5054780
AVX2	8432	2593	5186714
AVX2	8448	2462	4924123
AVX2	8464	2386	4773202
AVX2	8480	2397	4795232
AVX2	8496	2372	4745214
AVX2	8512	2342	4684157
AVX2	8528	2425	4851874
AVX2	8544	2491	4983302
AVX2	8560	2403	4807451
AVX2	8576	2440	4881276
AVX2	8592	2464	4928341
AVX2	8608	2449	4898650
AVX2	8624	2466	4932254
AVX2	8640	2469	4938387
AVX2	8656	2520	5040550
AVX2	8672	2622	5245965
AVX2	8688	2617	5234861
AVX2	8704	2610	5220829
AVX2	8720	2558	5116503
AVX2	8736	2514	5029166
AVX2	8752	2470	4941935
AVX2	8768	2431	4863400
AVX2	8784	2432	4865310
AVX2	8800	2449	4899161
AVX2	8816	2405	4811863
AVX2	8832	2456	4912356
AVX2	8848	2263	4526252
AVX2	8864	2440	4881204
AVX2	8880	2451	4902426
AVX2	8896	2460	4921227
AVX2	8912	2473	4946748
AVX2	8928	2472	4945887
AVX2	8944	2458	4916234
AVX2	8960	2413	4826952
AVX2	8976	2462	4925945
AVX2	8992	2489	4978138
AVX2	9008	2516	5033419
AVX2	9024	2517	5035515
AVX2	9040	2541	5083449
AVX2	9056	2515	5031740
AVX2	9072	2539	5078635
AVX2	9088	2494	4989287
AVX2	9104	2541	5083594
AVX2	9120	2563	5127904
AVX2	9136	2529	5058702
AVX2	9152	2566	5132634
AVX2	9168	2555	5110257
AVX2	9184	2630	5261514
AVX2	9200	2572	5144375
AVX2	9216	2586	5172829
AVX2	9232	2606	5213583
AVX2	9248	2624	5248048
AVX2	9264	2603	5206504
AVX2	9280	2610	5221697
AVX2	9296	2577	5154258
AVX2	9312	2620	5240599
AVX2	9328	2633	5266438
AVX2	9344	2682	5365844
AVX2	9360	2491	4983091
AVX2	9376	2653	5306466
AVX2	9392	2679	5358975
AVX2	9408	2625	5251685
AVX2	9424	2720	5441277
AVX2	9440	2823	5646894
AVX2	9456	2804	5608096
AVX2	9472	2953	5907639
AVX2	9488	2556	5112705
AVX2	9504	2655	5310564
AVX2	9520	2729	5459070
AVX2	9536	2491	4983538
AVX2	9552	2715	5430678
AVX2	9568	2644	5289496
AVX2	9584	2762	5524626
AVX2	9600	2694	5389034
AVX2	9616	2688	5376779
AVX2	9632	2747	5495090
AVX2	9648	2735	5470044
AVX2	9664	2700	5401502
AVX2	9680	2716	5433183
AVX2	9696	2713	5426197
AVX2	9712	2731	5463209
AVX2	9728	2741	5482099
AVX2	9744	2739	5478922
AVX2	9760	2732	5464930
AVX2	9776	2803	5606988
AVX2	9792	2763	5526863
AVX2	9808	2786	5573838
AVX2	9824	2716	5432817
AVX2	9840	2771	5543013
AVX2	9856	2727	5455115
AVX2	9872	2799	5598938
AVX2	9888	2846	5692892
AVX2	9904	2784	5568023
AVX2	9920	2826	5653574
AVX2	9936	2795	5591842
AVX2	9952	2767	5534987
AVX2	9968	2792	5585234
AVX2	9984	2775	5550522
AVX2	10000	2821	5642820
AVX2	10016	2758	5516520
AVX2	10032	2614	5228380
AVX2	10048	2799	5599334
AVX2	10064	2737	5474013
AVX2	10080	2814	5628465
AVX2	10096	2750	5500117
AVX2	10112	2620	5240274
AVX2	10128	2895	5790040
AVX2	10144	2754	5509206
AVX2	10160	2824	5649658
AVX2	10176	2805	5610481
AVX2	10192	2781	5563703
AVX2	10208	2710	5420344
AVX2	10224	2801	5603286
AVX2	10240	2871	5743953
AVX2	10256	2844	5688461
AVX2	10272	2728	5456434
AVX2	10288	2871	5742428
AVX2	10304	2745	5491230
AVX2	10320	2902	5805432
AVX2	10336	2776	5552409
AVX2	10352	2732	5465872
AVX2	10368	2843	5686278
AVX2	10384	2917	5834587
AVX2	10400	2910	5820226
AVX2	10416	2851	5703167
AVX2	10432	2823	5647741
AVX2	10448	2988	5977807
AVX2	10464	3206	6412265
AVX2	10480	3230	6461321
AVX2	10496	3020	6040917
AVX2	10512	2949	5899671
AVX2	10528	2986	5973433
AVX2	10544	2971	5942192
AVX2	10560	2911	5822191
AVX2	10576	3025	6051374
AVX2	10592	2922	5845781
AVX2	10608	2981	5963800
AVX2	10624	2993	5986207
AVX2	10640	2996	5992622
AVX2	10656	2975	5950030
AVX2	10672	3034	6068658
AVX2	10688	3119	6239299
AVX2	10704	3218	6436679
AVX2	10720	3247	6494491
AVX2	10736	3350	6700738
AVX2	10752	3258	6517184
AVX2	10768	3214	6429004
AVX2	10784	3034	6069481
AVX2	10800	3051	6103852
AVX2	10816	3031	6063019
AVX2	10832	2989	5978680
AVX2	10848	2970	5941514
AVX2	10864	3033	6067000
AVX2	10880	2953	5906992
AVX2	10896	3057	6114478
AVX2	10912	2856	5713992
AVX2	10928	2986	5973454
AVX2	10944	2930	5861001
AVX2	10960	3025	6050153
AVX2	10976	2993	5986490
AVX2	10992	3007	6014683
AVX2	11008	3027	6054942
AVX2	11024	2977	5954080
AVX2	11040	2933	5867332
AVX2	11056	3027	6055629
AVX2	11072	2999	5999389
AVX2	11088	3053	6107994
AVX2	11104	3097	6194903
AVX2	11120	2949	5899697
AVX2	11136	3048	6097677
AVX2	11152	3143	6287081
AVX2	11168	3069	6138665
AVX2	11184	3102	6204619
AVX2	11200	3062	6124513
AVX2	11216	3167	6334343
AVX2	11232	3461	6922006
AVX2	11248	3102	6204164
AVX2	11264	3136	6272460
AVX2	11280	3114	6229066
AVX2	11296	3149	6298014
AVX2	11312	3155	6311398
AVX2	11328	3167	6335439
AVX2	11344	3068	6136963
AVX2	11360	3221	6442393
AVX2	11376	3203	6406454
AVX2	11392	3247	6494521
AVX2	11408	3211	6422042
AVX2	11424	3163	6326754
AVX2	11440	3192	6384750
AVX2	11456	3229	6458047
AVX2	11472	3233	6466087
AVX2	11488	3452	6905279
AVX2	11504	3469	6939751
AVX2	11520	3273	6546743
AVX2	11536	3164	6328427
AVX2	11552	3188	6376917
AVX2	11568	3185	6371813
AVX2	11584	3213	6427360
AVX2	11600	3241	6482647
AVX2	11616	3273	6547437
AVX2	11632	3220	6441365
AVX2	11648	3187	6374119
AVX2	11664	3250	6501512
AVX2	11680	3262	6525090
AVX2	11696	3277	6555488
AVX2	11712	3279	6558133
AVX2	11728	3173	6346243
AVX2	11744	3300	6600143
AVX2	11760	3286	6572788
AVX2	11776	3273	6546601
AVX2	11792	3341	6683551
AVX2	11808	3298	6596331
AVX2	11824	3320	6640935
AVX2	11840	3222	6444476
AVX2	11856	3318	6637120
AVX2	11872	3307	6614501
AVX2	11888	3390	6781849
AVX2	11904	3394	6788009
AVX2	11920	3337	6675442
AVX2	11936	3384	6768662
AVX2	11952	3346	6693214
AVX2	11968	3290	6580214
AVX2	11984	3377	6754262
AVX2	12000	3415	6831371
AVX2	12016	3314	6628333
AVX2	12032	3347	6694617
AVX2	12048	3266	6533589
AVX2	12064	3354	6708657
AVX2	12080	3340	6681688
AVX2	12096	3392	6784033
AVX2	12112	3331	6663010
AVX2	12128	3348	6697211
AVX2	12144	3257	6514881
AVX2	12160	3257	6514539
AVX2	12176	3364	6729641
AVX2	12192	3299	6598473
AVX2	12208	3293	6586587
AVX2	12224	3336	6672186
AVX2	12240	3340	6681070
AVX2	12256	3439	6878851
AVX2	12272	3398	6796998
AVX2	12288	3430	6861587
AVX2	12304	3417	6835139
AVX2	12320	3331	6662029
AVX2	12336	3401	6802471
AVX2	12352	3397	6794801
AVX2	12368	3395	6791976
AVX2	12384	3418	6837688
AVX2	12400	3462	6924115
AVX2	12416	3386	6773446
AVX2	12432	3387	6774087
AVX2	12448	3474	6948650
AVX2	12464	3479	6958159
AVX2	12480	3420	6840160
AVX2	12496	3618	7237440
AVX2	12512	3909	7819798
AVX2	12528	5332	10665942
AVX2	12544	4202	8404919
AVX2	12560	3483	6967929
AVX2	12576	3471	6943870
AVX2	12592	3430	6861805
AVX2	12608	3525	7051654
AVX2	12624	3595	7191983
AVX2	12640	3529	7058977
AVX2	12656	3513	7027348
AVX2	12672	3556	7112964
AVX2	12688	3595	7191380
AVX2	12704	3573	7146093
AVX2	12720	3548	7096702
AVX2	12736	3721	7442338
AVX2	12752	4172	8345534
AVX2	12768	3867	7735707
AVX2	12784	4035	8071829
AVX2	12800	3837	7675687
AVX2	12816	3876	7753052
AVX2	12832	3787	7575045
AVX2	12848	3688	7377050
AVX2	12864	3575	7151509
AVX2	12880	3395	6790591
AVX2	12896	3553	7106917
AVX2	12912	3496	6993439
AVX2	12928	3638	7276398
AVX2	12944	3416	6833650
AVX2	12960	3562	7125920
AVX2	12976	3564	7129078
AVX2	12992	3524	7048675
AVX2	13008	3509	7019310
AVX2	13024	3573	7146695
AVX2	13040	3555	7111574
AVX2	13056	3574	7148642
AVX2	13072	3653	7306419
AVX2	13088	3584	7169953
AVX2	13104	3600	7201652
AVX2	13120	3566	7133862
AVX2	13136	3644	7289045
AVX2	13152	3590	7181729
AVX2	13168	3630	7261119
AVX2	13184	3592	7185818
AVX2	13200	3704	7409834
AVX2	13216	3680	7361232
AVX2	13232	3622	7245810
AVX2	13248	3618	7237036
AVX2	13264	3695	7391405
AVX2	13280	4134	8268181
AVX2	13296	3701	7403873
AVX2	13312	3759	7519114
AVX2	13328	3677	7355394
AVX2	13344	3690	7380265
AVX2	13360	3749	7499492
AVX2	13376	3654	7308053
AVX2	13392	3796	7593221
AVX2	13408	3626	7253498
AVX2	13424	3717	7435937
AVX2	13440	3708	7417731
AVX2	13456	3755	7510277
AVX2	13472	3778	7556634
AVX2	13488	5759	11519392
AVX2	13504	3780	7561359
AVX2	13520	3781	7563043
AVX2	13536	4010	8021205
AVX2	13552	4024	8049850
AVX2	13568	9723	19447584
AVX2	13584	3770	7541578
AVX2	13600	3684	7369835
AVX2	13616	3623	7246518
AVX2	13632	3620	7241930
AVX2	13648	3800	7601194
AVX2	13664	3724	7449033
AVX2	13680	3654	7308148
AVX2	13696	3730	7461114
AVX2	13712	3809	7619014
AVX2	13728	3777	7555579
AVX2	13744	3852	7704582
AVX2	13760	3935	7871394
AVX2	13776	5931	11863027
AVX2	13792	3828	7657695
AVX2	13808	3843	7687175
AVX2	13824	3637	7275709
AVX2	13840	3893	7786351
AVX2	13856	3797	7595067
AVX2	13872	3804	7608759
AVX2	13888	4024	8048221
AVX2	13904	3904	7808837
AVX2	13920	3898	7797575
AVX2	13936	3835	7671094
AVX2	13952	3887	7774615
AVX2	13968	3840	7681045
AVX2	13984	3879	7758159
AVX2	14000	3894	7788759
AVX2	14016	3916	7832278
AVX2	14032	4083	8167595
AVX2	14048	3914	7828027
AVX2	14064	3919	7839779
AVX2	14080	3898	7797270
AVX2	14096	4004	8008675
AVX2	14112	3982	7965303
AVX2	14128	3919	7839541
AVX2	14144	3824	7648739
AVX2	14160	3849	7699578
AVX2	14176	3958	7917276
AVX2	14192	3846	7693406
AVX2	14208	3880	7761927
AVX2	14224	3946	7892634
AVX2	14240	3918	7837529
AVX2	14256	3794	7589578
AVX2	14272	3953	7907807
AVX2	14288	3867	7735871
AVX2	14304	3981	7963069
AVX2	14320	3958	7916563
AVX2	14336	3897	7795680
AVX2	14352	3998	7996168
AVX2	14368	3940	7881836
AVX2	14384	3880	7761062
AVX2	14400	4000	8001297
AVX2	14416	4010	8021282
AVX2	14432	3886	7773763
AVX2	14448	3984	7968293
AVX2	14464	4137	8274667
AVX2	14480	3853	7707223
AVX2	14496	3922	7844455
AVX2	14512	4040	8081175
AVX2	14528	4044	8088784
AVX2	14544	4213	8426528
AVX2	14560	4449	8899084
AVX2	14576	4485	8971964
AVX2	14592	4096	8192122
AVX2	14608	4154	8308459
AVX2	14624	3910	7820538
AVX2	14640	4517	9034625
AVX2	14656	4127	8255160
AVX2	14672	4123	8246204
AVX2	14688	3939	7879717
AVX2	14704	5859	11719080
AVX2	14720	4047	8094846
AVX2	14736	4117	8235341
AVX2	14752	4151	8303625
AVX2	14768	4212	8425388
AVX2	14784	4261	8522568
AVX2	14800	4356	8713774
AVX2	14816	4479	8959861
AVX2	14832	4622	9244679
AVX2	14848	4501	9002498
AVX2	14864	4448	8897051
AVX2	14880	4357	8715138
AVX2	14896	4222	8444770
AVX2	14912	4377	8755474
AVX2	14928	4140	8281888
AVX2	14944	4130	8261487
AVX2	14960	4115	8231576
AVX2	14976	4062	8125202
AVX2	14992	4192	8385232
AVX2	15008	4170	8341427
AVX2	15024	4121	8243328
AVX2	15040	4138	8277696
AVX2	15056	4169	8339519
AVX2	15072	4144	8288081
AVX2	15088	4104	8209014
AVX2	15104	4202	8404035
AVX2	15120	4141	8282331
AVX2	15136	4115	8230414
AVX2	15152	4160	8321269
AVX2	15168	4056	8112543
AVX2	15184	4426	8852911
AVX2	15200	4216	8433473
AVX2	15216	4250	8500259
AVX2	15232	4259	8519576
AVX2	15248	4235	8470699
AVX2	15264	4215	8431738
AVX2	15280	4193	8387446
AVX2	15296	4194	8388634
AVX2	15312	4233	8467309
AVX2	15328	4237	8474844
AVX2	15344	4264	8529220
AVX2	15360	4141	8282941
AVX2	15376	4271	8543270
AVX2	15392	4200	8401952
AVX2	15408	4187	8374044
AVX2	15424	4221	8443026
AVX2	15440	4356	8712273
AVX2	15456	4306	8613485
AVX2	15472	4248	8496978
AVX2	15488	4278	8556638
AVX2	15504	4326	8653213
AVX2	15520	4319	8639396
AVX2	15536	4364	8728684
AVX2	15552	4307	8615755
AVX2	15568	4427	8855889
AVX2	15584	4658	9316507
AVX2	15600	4773	9547031
AVX2	15616	4489	8978571
AVX2	15632	5233	10467876
AVX2	15648	4175	8350112
AVX2	15664	4336	8673410
AVX2	15680	4136	8272775
AVX2	15696	4356	8712021
AVX2	15712	4237	8475177
AVX2	15728	4320	8641330
AVX2	15744	4411	8822742
AVX2	15760	4340	8680722
AVX2	15776	4255	8511577
AVX2	15792	4326	8653279
AVX2	15808	4321	8643951
AVX2	15824	4329	8658612
AVX2	15840	4368	8737780
AVX2	15856	4666	9333060
AVX2	15872	4391	8783775
AVX2	15888	5657	11314992
AVX2	15904	4198	8397620
AVX2	15920	4434	8868340
AVX2	15936	4486	8972017
AVX2	15952	5413	10827145
AVX2	15968	4486	8972148
AVX2	15984	4449	8899722
AVX2	16000	4501	9002525
