Scala	16	11	23655
Scala	32	24	49026
Scala	48	35	70522
Scala	64	47	95873
Scala	80	78	157877
Scala	96	91	183107
Scala	112	97	195606
Scala	128	113	226812
Scala	144	126	252390
Scala	160	141	282220
Scala	176	115	231566
Scala	192	114	229380
Scala	208	113	227848
Scala	224	134	269628
Scala	240	117	234541
Scala	256	115	231721
Scala	272	152	305824
Scala	288	143	287448
Scala	304	183	366256
Scala	320	135	270798
Scala	336	143	286321
Scala	352	165	331575
Scala	368	168	337872
Scala	384	162	324667
Scala	400	182	364039
Scala	416	175	351675
Scala	432	184	368526
Scala	448	190	380281
Scala	464	196	393477
Scala	480	203	407365
Scala	496	211	422703
Scala	512	216	432479
Scala	528	231	462173
Scala	544	238	476216
Scala	560	245	491591
Scala	576	250	501734
Scala	592	259	519739
Scala	608	269	539918
Scala	624	331	662964
Scala	640	278	557889
Scala	656	295	590559
Scala	672	293	586313
Scala	688	298	597994
Scala	704	306	613900
Scala	720	312	625150
Scala	736	320	641612
Scala	752	334	669656
Scala	768	402	805203
Scala	784	339	679800
Scala	800	344	689579
Scala	816	393	787716
Scala	832	359	719790
Scala	848	366	732279
Scala	864	375	750387
Scala	880	381	763556
Scala	896	387	775329
Scala	912	400	801995
Scala	928	402	805061
Scala	944	406	813532
Scala	960	415	830654
Scala	976	421	843392
Scala	992	450	901024
Scala	1008	455	911988
Scala	1024	451	902604
Scala	1040	448	896328
Scala	1056	456	913925
Scala	1072	464	929914
Scala	1088	470	941289
Scala	1104	483	966356
Scala	1120	482	965426
Scala	1136	490	981826
Scala	1152	496	993536
Scala	1168	508	1017821
Scala	1184	507	1015531
Scala	1200	516	1033665
Scala	1216	609	1219163
Scala	1232	590	1180039
Scala	1248	542	1084601
Scala	1264	543	1086135
Scala	1280	584	1169754
Scala	1296	557	1115156
Scala	1312	565	1131553
Scala	1328	570	1141129
Scala	1344	584	1169028
Scala	1360	584	1169088
Scala	1376	590	1180267
Scala	1392	630	1260742
Scala	1408	603	1207446
Scala	1424	672	1344586
Scala	1440	616	1233820
Scala	1456	625	1251224
Scala	1472	629	1259090
Scala	1488	639	1279373
Scala	1504	678	1357774
Scala	1520	652	1305295
Scala	1536	657	1314753
Scala	1552	718	1437357
Scala	1568	672	1345986
Scala	1584	676	1353310
Scala	1600	684	1369184
Scala	1616	694	1389538
Scala	1632	699	1398164
Scala	1648	706	1413063
Scala	1664	712	1425727
Scala	1680	719	1439550
Scala	1696	729	1459506
Scala	1712	767	1535602
Scala	1728	1082	2164964
Scala	1744	749	1498863
Scala	1760	753	1506262
Scala	1776	768	1537872
Scala	1792	818	1637043
Scala	1808	801	1602149
Scala	1824	778	1557956
Scala	1840	791	1583344
Scala	1856	796	1592282
Scala	1872	799	1599939
Scala	1888	817	1634211
Scala	1904	815	1631707
Scala	1920	854	1708577
Scala	1936	867	1735389
Scala	1952	834	1669687
Scala	1968	851	1702058
Scala	1984	848	1697161
Scala	2000	857	1715096
Scala	2016	885	1770722
Scala	2032	893	1787237
Scala	2048	901	1802064
Scala	2064	907	1815754
Scala	2080	910	1820273
Scala	2096	920	1840126
Scala	2112	937	1875262
Scala	2128	906	1812405
Scala	2144	979	1959262
Scala	2160	921	1843403
Scala	2176	972	1945641
Scala	2192	935	1871103
Scala	2208	946	1893144
Scala	2224	947	1895566
Scala	2240	954	1909160
Scala	2256	969	1939261
Scala	2272	967	1935960
Scala	2288	976	1952437
Scala	2304	978	1957464
Scala	2320	988	1976386
Scala	2336	995	1990290
Scala	2352	1011	2023094
Scala	2368	1012	2025858
Scala	2384	1017	2035455
Scala	2400	1132	2264444
Scala	2416	1031	2063924
Scala	2432	1074	2148622
Scala	2448	1101	2203047
Scala	2464	1095	2190749
Scala	2480	1168	2336727
Scala	2496	1271	2542836
Scala	2512	1266	2533636
Scala	2528	1075	2151724
Scala	2544	1202	2405026
Scala	2560	1091	2183162
Scala	2576	1484	2968712
Scala	2592	1250	2501811
Scala	2608	1106	2212728
Scala	2624	1474	2949405
Scala	2640	1128	2256173
Scala	2656	1181	2363596
Scala	2672	1139	2279959
Scala	2688	1181	2362981
Scala	2704	1158	2317468
Scala	2720	1284	2569519
Scala	2736	1200	2401533
Scala	2752	1298	2597767
Scala	2768	1215	2430109
Scala	2784	1186	2373824
Scala	2800	1234	2469551
Scala	2816	1198	2397866
Scala	2832	1214	2428763
Scala	2848	1488	2977131
Scala	2864	1220	2440336
Scala	2880	1362	2725224
Scala	2896	1231	2463184
Scala	2912	1238	2477420
Scala	2928	1441	2882016
Scala	2944	1257	2514346
Scala	2960	1260	2520568
Scala	2976	1705	3410959
Scala	2992	1588	3176823
Scala	3008	1430	2860912
Scala	3024	1330	2661678
Scala	3040	1332	2664379
Scala	3056	1361	2723677
Scala	3072	1486	2973589
Scala	3088	1316	2632745
Scala	3104	1463	2927659
Scala	3120	1327	2654035
Scala	3136	1476	2953409
Scala	3152	1393	2786279
Scala	3168	1562	3125202
Scala	3184	1496	2992877
Scala	3200	1408	2817542
Scala	3216	1366	2733771
Scala	3232	1379	2759732
Scala	3248	1425	2851338
Scala	3264	1389	2778711
Scala	3280	1425	2850477
Scala	3296	1455	2910170
Scala	3312	1408	2817916
Scala	3328	1416	2832553
Scala	3344	1420	2841321
Scala	3360	1584	3168554
Scala	3376	1465	2931971
Scala	3392	1559	3118155
Scala	3408	1449	2899645
Scala	3424	1457	2914963
Scala	3440	1505	3010886
Scala	3456	1469	2938357
Scala	3472	1475	2951883
Scala	3488	1544	3089561
Scala	3504	1714	3428648
Scala	3520	1500	3001891
Scala	3536	1544	3089513
Scala	3552	1669	3339477
Scala	3568	1786	3573437
Scala	3584	1523	3046350
Scala	3600	1592	3184858
Scala	3616	1535	3071025
Scala	3632	1545	3090241
Scala	3648	1596	3193046
Scala	3664	1595	3190055
Scala	3680	1563	3126826
Scala	3696	1567	3135449
Scala	3712	1825	3651100
Scala	3728	1786	3573362
Scala	3744	1762	3525762
Scala	3760	1598	3196895
Scala	3776	1608	3216001
Scala	3792	1663	3326684
Scala	3808	1629	3258154
Scala	3824	1635	3270016
Scala	3840	1678	3356374
Scala	3856	1640	3280807
Scala	3872	1644	3288818
Scala	3888	2026	4052468
Scala	3904	1687	3374274
Scala	3920	2206	4412590
Scala	3936	2748	5496950
Scala	3952	1940	3880447
Scala	3968	1728	3457076
Scala	3984	1747	3495737
Scala	4000	1700	3401926
Scala	4016	2778	5557804
Scala	4032	1747	3494381
Scala	4048	1722	3445945
Scala	4064	1826	3652786
Scala	4080	1845	3691908
Scala	4096	1794	3588285
Scala	4112	1800	3601309
Scala	4128	1874	3749268
Scala	4144	1866	3732252
Scala	4160	1807	3615393
Scala	4176	1775	3550396
Scala	4192	1779	3558782
Scala	4208	1785	3570251
Scala	4224	1862	3724733
Scala	4240	1804	3609674
Scala	4256	1840	3680566
Scala	4272	1846	3693697
Scala	4288	1835	3670733
Scala	4304	1870	3740999
Scala	4320	1867	3735490
Scala	4336	1843	3686607
Scala	4352	1846	3693881
Scala	4368	1854	3709826
Scala	4384	1916	3833582
Scala	4400	1867	3734161
Scala	4416	2135	4270942
Scala	4432	1958	3916822
Scala	4448	1890	3781425
Scala	4464	1944	3888566
Scala	4480	1974	3948562
Scala	4496	1995	3991936
Scala	4512	1990	3980113
Scala	4528	1928	3857291
Scala	4544	1962	3924568
Scala	4560	1935	3870826
Scala	4576	1942	3884513
Scala	4592	2131	4263305
Scala	4608	1967	3934935
Scala	4624	1963	3927358
Scala	4640	2020	4041885
Scala	4656	2022	4044593
Scala	4672	2063	4127617
Scala	4688	1998	3997055
Scala	4704	1997	3994093
Scala	4720	2016	4033500
Scala	4736	2015	4031447
Scala	4752	2025	4051373
Scala	4768	2124	4248406
Scala	4784	2071	4142121
Scala	4800	2083	4167833
Scala	4816	2085	4170429
Scala	4832	2060	4120299
Scala	4848	2079	4159475
Scala	4864	2093	4186208
Scala	4880	2070	4141598
Scala	4896	2127	4254931
Scala	4912	2136	4272077
Scala	4928	2130	4260574
Scala	4944	2155	4311382
Scala	4960	2159	4318846
Scala	4976	2161	4323051
Scala	4992	2127	4255442
Scala	5008	2123	4246596
Scala	5024	2179	4359817
Scala	5040	2137	4275425
Scala	5056	2174	4348757
Scala	5072	2178	4356884
Scala	5088	2370	4740772
Scala	5104	2313	4626880
Scala	5120	2232	4464319
Scala	5136	2226	4452290
Scala	5152	2222	4444532
Scala	5168	2238	4477682
Scala	5184	2288	4577319
Scala	5200	2926	5853145
Scala	5216	2554	5108531
Scala	5232	2222	4445010
Scala	5248	2222	4444788
Scala	5264	2237	4475747
Scala	5280	2269	4539894
Scala	5296	2296	4592188
Scala	5312	2263	4527045
Scala	5328	2303	4606154
Scala	5344	2266	4533776
Scala	5360	2280	4561050
Scala	5376	2329	4659200
Scala	5392	2330	4661283
Scala	5408	2331	4662825
Scala	5424	2347	4695210
Scala	5440	2361	4722402
Scala	5456	2380	4761776
Scala	5472	2373	4746364
Scala	5488	2518	5037129
Scala	5504	2389	4779335
Scala	5520	2399	4798150
Scala	5536	2367	4734550
Scala	5552	2372	4744991
Scala	5568	2409	4819934
Scala	5584	2382	4765333
Scala	5600	2388	4777760
Scala	5616	2399	4799743
Scala	5632	2657	5315339
Scala	5648	2402	4805475
Scala	5664	2435	4870332
Scala	5680	2469	4939706
Scala	5696	2426	4853932
Scala	5712	2481	4962990
Scala	5728	2438	4876210
Scala	5744	2443	4886666
Scala	5760	2452	4905736
Scala	5776	2459	4918504
Scala	5792	2521	5042544
Scala	5808	2473	4946183
Scala	5824	2525	5050611
Scala	5840	2517	5035093
Scala	5856	2545	5091040
Scala	5872	2542	5085364
Scala	5888	2759	5518412
Scala	5904	2880	5760062
Scala	5920	2526	5052807
Scala	5936	2534	5068728
Scala	5952	2540	5080121
Scala	5968	2579	5158679
Scala	5984	2562	5124757
Scala	6000	2679	5359729
Scala	6016	2688	5377097
Scala	6032	2633	5266786
Scala	6048	2660	5321894
Scala	6064	2753	5506302
Scala	6080	2649	5299350
Scala	6096	2612	5224882
Scala	6112	2750	5500346
Scala	6128	2766	5533522
Scala	6144	3083	6166496
Scala	6160	2771	5543133
Scala	6176	2915	5830314
Scala	6192	2888	5777250
Scala	6208	2816	5633668
Scala	6224	2679	5358341
Scala	6240	2795	5591425
Scala	6256	2708	5416249
Scala	6272	2800	5600067
Scala	6288	2732	5464870
Scala	6304	2708	5416911
Scala	6320	2712	5424774
Scala	6336	2709	5419223
Scala	6352	2730	5461397
Scala	6368	2775	5551895
Scala	6384	2781	5563611
Scala	6400	2821	5642811
Scala	6416	2742	5484830
Scala	6432	2770	5541313
Scala	6448	2759	5519851
Scala	6464	2919	5839564
Scala	6480	2857	5714414
Scala	6496	2832	5664134
Scala	6512	2826	5652388
Scala	6528	2793	5587447
Scala	6544	2848	5696570
Scala	6560	2807	5614270
Scala	6576	2867	5735362
Scala	6592	2890	5780585
Scala	6608	2877	5755081
Scala	6624	2851	5702614
Scala	6640	2976	5953382
Scala	6656	3011	6023675
Scala	6672	2863	5726849
Scala	6688	2868	5737737
Scala	6704	2915	5830891
Scala	6720	2918	5837713
Scala	6736	2913	5826523
Scala	6752	2939	5878811
Scala	6768	2894	5789430
Scala	6784	2898	5797943
Scala	6800	2961	5923282
Scala	6816	2949	5899296
Scala	6832	3012	6024871
Scala	6848	2939	5879025
Scala	6864	3147	6295272
Scala	6880	3075	6150053
Scala	6896	2960	5921757
Scala	6912	3297	6595435
Scala	6928	3002	6005861
Scala	6944	3018	6037138
Scala	6960	3066	6132675
Scala	6976	3051	6102827
Scala	6992	3085	6171476
Scala	7008	3028	6057486
Scala	7024	3057	6115251
Scala	7040	3045	6091372
Scala	7056	3116	6233275
Scala	7072	3376	6753650
Scala	7088	3079	6159070
Scala	7104	3951	7903139
Scala	7120	3044	6088876
Scala	7136	3377	6755730
Scala	7152	3247	6495507
Scala	7168	3192	6385103
Scala	7184	3126	6252650
Scala	7200	3162	6325253
Scala	7216	3202	6405473
Scala	7232	3180	6361403
Scala	7248	3177	6354754
Scala	7264	3172	6345533
Scala	7280	3101	6203434
Scala	7296	3530	7061953
Scala	7312	3156	6313041
Scala	7328	3133	6266211
Scala	7344	3148	6297171
Scala	7360	3239	6479809
Scala	7376	3201	6402287
Scala	7392	3182	6364806
Scala	7408	3226	6452368
Scala	7424	3233	6467261
Scala	7440	3241	6483752
Scala	7456	3534	7069400
Scala	7472	3531	7063244
Scala	7488	3238	6477979
Scala	7504	3334	6668344
Scala	7520	3228	6456008
Scala	7536	3261	6523917
Scala	7552	3285	6570456
Scala	7568	3292	6585927
Scala	7584	3240	6481327
Scala	7600	3370	6740100
Scala	7616	3269	6538028
Scala	7632	3334	6669867
Scala	7648	3393	6787236
Scala	7664	3299	6598434
Scala	7680	3472	6945090
Scala	7696	3324	6649522
Scala	7712	3408	6816838
Scala	7728	3343	6687054
Scala	7744	3382	6764736
Scala	7760	3389	6779183
Scala	7776	3379	6758000
Scala	7792	3455	6911415
Scala	7808	3345	6691071
Scala	7824	3385	6770471
Scala	7840	3423	6846689
Scala	7856	3398	6796447
Scala	7872	3578	7156071
Scala	7888	3383	6767078
Scala	7904	3435	6870879
Scala	7920	3403	6806315
Scala	7936	3444	6888986
Scala	7952	3776	7552535
Scala	7968	3532	7065355
Scala	7984	3477	6954367
Scala	8000	3864	7728663
Scala	8016	3638	7277299
Scala	8032	3488	6977223
Scala	8048	3617	7235134
Scala	8064	3476	6953407
Scala	8080	3581	7163169
Scala	8096	3666	7332410
Scala	8112	3599	7199753
Scala	8128	3952	7905239
Scala	8144	3871	7742636
Scala	8160	3973	7947781
Scala	8176	3841	7682073
Scala	8192	3882	7764087
Scala	8208	3909	7818203
Scala	8224	3944	7889413
Scala	8240	3946	7892343
Scala	8256	3605	7211731
Scala	8272	3729	7459421
Scala	8288	3753	7507948
Scala	8304	4585	9171812
Scala	8320	6348	12697371
Scala	8336	5672	11345377
Scala	8352	3885	7771761
Scala	8368	3878	7756189
Scala	8384	3781	7562066
Scala	8400	3701	7402809
Scala	8416	3821	7642027
Scala	8432	3673	7346688
Scala	8448	4361	8722839
Scala	8464	3613	7227944
Scala	8480	3664	7328455
Scala	8496	3625	7250173
Scala	8512	3889	7778301
Scala	8528	3678	7356587
Scala	8544	4511	9023274
Scala	8560	4284	8568401
Scala	8576	3807	7615321
Scala	8592	4221	8443657
Scala	8608	3726	7453133
Scala	8624	3731	7462755
Scala	8640	3740	7480741
Scala	8656	3814	7628474
Scala	8672	3753	7506140
Scala	8688	3742	7484951
Scala	8704	3741	7483382
Scala	8720	4219	8439879
Scala	8736	3829	7658742
Scala	8752	3872	7744586
Scala	8768	3830	7660691
Scala	8784	3807	7615664
Scala	8800	3940	7881358
Scala	8816	3774	7549306
Scala	8832	3854	7708293
Scala	8848	3824	7648998
Scala	8864	3856	7713665
Scala	8880	3826	7653966
Scala	8896	4793	9587631
Scala	8912	4857	9714198
Scala	8928	3889	7778433
Scala	8944	3901	7802933
Scala	8960	4451	8903066
Scala	8976	3928	7856754
Scala	8992	3895	7791427
Scala	9008	4073	8147937
Scala	9024	3849	7699946
Scala	9040	4227	8455768
Scala	9056	4023	8047615
Scala	9072	3922	7845205
Scala	9088	3873	7746609
Scala	9104	3986	7973279
Scala	9120	3920	7841149
Scala	9136	3937	7875183
Scala	9152	3975	7950535
Scala	9168	3906	7813672
Scala	9184	4146	8293819
Scala	9200	4187	8374074
Scala	9216	4235	8471977
Scala	9232	4077	8154815
Scala	9248	4128	8257166
Scala	9264	4082	8164276
Scala	9280	4063	8127980
Scala	9296	3988	7977956
Scala	9312	4084	8168181
Scala	9328	4016	8032607
Scala	9344	4117	8234292
Scala	9360	4030	8060175
Scala	9376	4023	8047351
Scala	9392	4184	8368622
Scala	9408	4072	8144416
Scala	9424	4065	8131409
Scala	9440	4092	8185944
Scala	9456	4227	8454599
Scala	9472	4094	8189914
Scala	9488	4129	8259359
Scala	9504	4147	8295940
Scala	9520	4136	8272240
Scala	9536	4361	8722497
Scala	9552	4234	8468081
Scala	9568	4238	8477515
Scala	9584	6678	13356042
Scala	9600	4182	8364631
Scala	9616	4166	8332353
Scala	9632	4149	8298035
Scala	9648	4203	8407628
Scala	9664	4206	8413006
Scala	9680	4230	8460117
Scala	9696	4158	8316517
Scala	9712	4260	8521733
Scala	9728	4265	8530206
Scala	9744	4179	8358554
Scala	9760	4363	8727646
Scala	9776	4419	8838464
Scala	9792	4241	8482124
Scala	9808	4178	8356626
Scala	9824	4433	8866974
Scala	9840	4650	9300740
Scala	9856	4262	8524057
Scala	9872	4493	8986756
Scala	9888	4348	8696783
Scala	9904	4307	8615482
Scala	9920	4303	8607631
Scala	9936	4350	8700117
Scala	9952	4278	8557687
Scala	9968	4357	8714288
Scala	9984	4315	8631293
Scala	10000	4299	8599061
Scala	10016	4570	9141591
Scala	10032	4365	8731076
Scala	10048	4423	8847509
Scala	10064	4350	8700164
Scala	10080	4343	8687347
Scala	10096	4355	8710238
Scala	10112	4532	9064857
Scala	10128	4868	9737517
Scala	10144	4527	9055369
Scala	10160	4435	8870410
Scala	10176	4381	8763655
Scala	10192	4627	9254050
Scala	10208	4647	9295716
Scala	10224	4925	9850226
Scala	10240	5449	10899399
Scala	10256	4772	9545069
Scala	10272	4934	9868976
Scala	10288	4906	9813583
Scala	10304	4539	9079051
Scala	10320	4524	9049013
Scala	10336	4515	9030441
Scala	10352	4495	8990010
Scala	10368	4454	8908051
Scala	10384	4733	9467946
Scala	10400	4697	9394629
Scala	10416	4751	9502741
Scala	10432	4486	8972757
Scala	10448	4513	9026558
Scala	10464	6882	13764071
Scala	10480	4536	9073013
Scala	10496	6909	13818269
Scala	10512	4553	9107529
Scala	10528	4514	9029123
Scala	10544	4538	9076311
Scala	10560	4600	9200972
Scala	10576	4545	9090670
Scala	10592	4577	9154535
Scala	10608	4605	9211856
Scala	10624	4872	9744404
Scala	10640	4666	9333325
Scala	10656	4606	9212011
Scala	10672	6940	13881032
Scala	10688	5473	10947340
Scala	10704	5126	10253027
Scala	10720	4653	9306814
Scala	10736	4647	9295018
Scala	10752	4621	9242875
Scala	10768	4678	9357670
Scala	10784	6709	13419510
Scala	10800	4625	9250396
Scala	10816	4651	9303020
Scala	10832	4677	9354022
Scala	10848	4704	9409195
Scala	10864	4700	9400192
Scala	10880	5143	10287584
Scala	10896	4693	9387171
Scala	10912	4718	9436200
Scala	10928	4748	9497253
Scala	10944	4760	9520611
Scala	10960	4731	9463637
Scala	10976	4741	9482227
Scala	10992	4764	9529615
Scala	11008	4743	9487195
Scala	11024	4693	9387468
Scala	11040	4773	9547878
Scala	11056	4783	9567926
Scala	11072	4761	9523199
Scala	11088	4816	9633256
Scala	11104	4772	9544282
Scala	11120	5254	10508394
Scala	11136	4791	9582162
Scala	11152	4805	9611015
Scala	11168	6915	13831125
Scala	11184	4837	9674734
Scala	11200	4837	9675511
Scala	11216	4840	9680777
Scala	11232	6124	12248894
Scala	11248	5055	10110785
Scala	11264	5077	10155736
Scala	11280	4952	9904663
Scala	11296	4867	9734471
Scala	11312	4961	9922720
Scala	11328	4906	9812789
Scala	11344	4927	9854416
Scala	11360	4907	9814147
Scala	11376	4912	9824090
Scala	11392	4960	9921728
Scala	11408	4986	9973149
Scala	11424	5350	10700618
Scala	11440	4955	9910279
Scala	11456	5011	10022323
Scala	11472	4992	9985233
Scala	11488	5027	10054217
Scala	11504	5063	10126786
Scala	11520	4946	9892091
Scala	11536	5224	10448004
Scala	11552	5187	10374906
Scala	11568	5033	10066656
Scala	11584	6404	12809973
Scala	11600	5035	10070588
Scala	11616	5034	10068760
Scala	11632	5532	11064548
Scala	11648	5001	10002613
Scala	11664	5024	10048724
Scala	11680	5054	10109139
Scala	11696	5055	10110506
Scala	11712	5057	10115254
Scala	11728	5088	10176189
Scala	11744	5037	10074100
Scala	11760	5078	10157198
Scala	11776	5085	10170710
Scala	11792	5156	10313160
Scala	11808	5089	10178376
Scala	11824	5124	10248702
Scala	11840	5141	10283364
Scala	11856	5303	10606907
Scala	11872	5234	10468578
Scala	11888	5812	11625032
Scala	11904	5270	10540882
Scala	11920	5143	10286613
Scala	11936	5474	10948383
Scala	11952	5127	10254736
Scala	11968	5210	10420052
Scala	11984	5206	10412346
Scala	12000	5226	10453289
Scala	12016	5188	10377536
Scala	12032	5166	10332674
Scala	12048	5292	10585795
Scala	12064	5397	10795102
Scala	12080	5222	10444352
Scala	12096	5261	10522281
Scala	12112	5214	10429246
Scala	12128	5200	10400796
Scala	12144	5207	10415984
Scala	12160	5288	10576310
Scala	12176	5303	10606505
Scala	12192	5399	10798353
Scala	12208	5584	11169612
Scala	12224	5302	10605065
Scala	12240	5622	11244340
Scala	12256	5528	11057001
Scala	12272	5500	11000309
Scala	12288	5956	11912555
Scala	12304	5719	11438285
Scala	12320	5912	11825956
Scala	12336	5818	11637936
Scala	12352	5382	10764948
Scala	12368	5428	10857021
Scala	12384	5382	10765435
Scala	12400	5423	10846228
Scala	12416	5642	11285269
Scala	12432	5328	10656874
Scala	12448	5339	10678268
Scala	12464	5340	10680681
Scala	12480	5351	10703665
Scala	12496	5387	10774029
Scala	12512	5435	10871994
Scala	12528	5471	10942607
Scala	12544	5415	10831362
Scala	12560	5390	10780515
Scala	12576	7073	14146964
Scala	12592	5474	10948962
Scala	12608	5442	10884013
Scala	12624	5430	10861097
Scala	12640	5501	11002075
Scala	12656	5614	11228378
Scala	12672	5665	11331053
Scala	12688	5431	10863079
Scala	12704	5997	11994820
Scala	12720	5533	11067740
Scala	12736	5474	10949922
Scala	12752	5499	10998154
Scala	12768	6089	12179787
Scala	12784	5487	10975268
Scala	12800	5766	11533849
Scala	12816	5565	11130965
Scala	12832	5617	11235289
Scala	12848	5550	11101474
Scala	12864	5610	11220705
Scala	12880	5543	11087612
Scala	12896	5566	11133182
Scala	12912	5531	11063068
Scala	12928	5797	11595395
Scala	12944	5576	11153914
Scala	12960	5572	11144572
Scala	12976	5771	11542663
Scala	12992	5670	11340000
Scala	13008	6018	12037076
Scala	13024	5631	11262160
Scala	13040	5615	11230342
Scala	13056	5681	11362806
Scala	13072	5651	11303951
Scala	13088	5631	11263280
Scala	13104	6011	12022848
Scala	13120	5621	11243490
Scala	13136	5631	11262409
Scala	13152	5696	11393729
Scala	13168	5938	11877745
Scala	13184	5968	11936041
Scala	13200	5990	11981442
Scala	13216	5710	11420246
Scala	13232	5718	11436146
Scala	13248	5743	11487460
Scala	13264	6687	13375454
Scala	13280	6758	13517085
Scala	13296	5938	11876594
Scala	13312	6054	12108399
Scala	13328	6799	13598734
Scala	13344	6340	12681344
Scala	13360	6601	13203207
Scala	13376	5929	11858778
Scala	13392	5756	11513754
Scala	13408	5756	11513192
Scala	13424	5784	11568672
Scala	13440	5795	11590836
Scala	13456	6103	12206183
Scala	13472	6174	12349539
Scala	13488	5920	11840263
Scala	13504	5800	11601607
Scala	13520	5863	11727967
Scala	13536	5894	11789523
Scala	13552	6407	12814004
Scala	13568	5848	11696143
Scala	13584	5928	11856214
Scala	13600	5951	11903991
Scala	13616	6049	12099951
Scala	13632	5934	11868335
Scala	13648	5927	11854051
Scala	13664	5938	11876164
Scala	13680	6201	12403426
Scala	13696	5966	11933650
Scala	13712	6130	12260669
Scala	13728	5956	11913583
Scala	13744	5912	11824541
Scala	13760	5965	11930725
Scala	13776	8088	16176655
Scala	13792	5988	11976438
Scala	13808	5946	11892373
Scala	13824	5923	11846590
Scala	13840	5928	11856823
Scala	13856	5977	11955730
Scala	13872	7677	15354013
Scala	13888	5947	11894700
Scala	13904	5960	11921912
Scala	13920	6003	12006966
Scala	13936	5998	11996668
Scala	13952	6053	12107290
Scala	13968	6049	12098694
Scala	13984	6108	12217385
Scala	14000	6055	12111775
Scala	14016	6457	12915796
Scala	14032	6048	12097836
Scala	14048	6074	12148392
Scala	14064	6051	12103734
Scala	14080	7238	14477440
Scala	14096	6102	12205696
Scala	14112	6107	12214428
Scala	14128	6243	12487200
Scala	14144	6334	12669604
Scala	14160	6198	12396004
Scala	14176	6362	12725532
Scala	14192	6312	12625603
Scala	14208	6096	12192413
Scala	14224	6109	12219296
Scala	14240	6116	12233357
Scala	14256	6127	12254813
Scala	14272	6243	12487649
Scala	14288	6476	12952086
Scala	14304	9519	19038805
Scala	14320	6445	12890779
Scala	14336	11382	22765350
Scala	14352	10357	20715347
Scala	14368	6997	13995898
Scala	14384	6860	13721924
Scala	14400	6541	13083634
Scala	14416	6470	12941638
Scala	14432	6839	13679670
Scala	14448	6348	12697895
Scala	14464	6231	12463815
Scala	14480	6205	12410057
Scala	14496	6898	13797651
Scala	14512	6894	13789862
Scala	14528	6310	12620721
Scala	14544	6586	13172295
Scala	14560	6266	12532939
Scala	14576	6321	12642977
Scala	14592	6276	12552405
Scala	14608	6398	12796276
Scala	14624	6273	12546367
Scala	14640	6339	12678487
Scala	14656	6376	12753909
Scala	14672	6747	13495733
Scala	14688	6344	12689064
Scala	14704	6478	12957621
Scala	14720	6381	12763891
Scala	14736	6326	12652069
Scala	14752	6453	12906739
Scala	14768	6524	13048069
Scala	14784	6504	13008124
Scala	14800	6455	12910206
Scala	14816	6637	13274956
Scala	14832	6366	12732982
Scala	14848	6437	12874897
Scala	14864	8562	17124259
Scala	14880	6401	12802593
Scala	14896	6406	12813769
Scala	14912	6391	12782830
Scala	14928	6542	13085571
Scala	14944	6671	13343054
Scala	14960	6464	12929761
Scala	14976	6446	12892146
Scala	14992	6467	12934135
Scala	15008	7064	14129075
Scala	15024	6873	13747915
Scala	15040	6442	12884676
Scala	15056	6492	12984379
Scala	15072	6533	13067413
Scala	15088	7452	14904388
Scala	15104	6718	13436952
Scala	15120	6576	13153839
Scala	15136	6598	13197535
Scala	15152	6481	12962931
Scala	15168	6567	13134490
Scala	15184	6939	13878729
Scala	15200	6690	13380106
Scala	15216	6869	13739122
Scala	15232	6996	13993934
Scala	15248	6660	13320080
Scala	15264	6980	13960518
Scala	15280	6537	13075498
Scala	15296	6557	13114561
Scala	15312	6856	13713440
Scala	15328	7239	14479524
Scala	15344	6869	13739648
Scala	15360	6954	13909281
Scala	15376	6774	13548840
Scala	15392	6666	13332810
Scala	15408	6755	13511261
Scala	15424	6722	13444906
Scala	15440	6612	13225276
Scala	15456	6662	13324436
Scala	15472	6986	13973148
Scala	15488	6806	13613329
Scala	15504	6674	13348864
Scala	15520	6720	13441370
Scala	15536	7165	14330959
Scala	15552	6734	13469450
Scala	15568	6678	13357348
Scala	15584	6920	13841531
Scala	15600	6712	13425164
Scala	15616	6696	13392475
Scala	15632	6780	13560203
Scala	15648	7390	14781357
Scala	15664	6788	13577247
Scala	15680	6876	13753231
Scala	15696	6760	13520469
Scala	15712	6901	13802283
Scala	15728	6772	13544580
Scala	15744	6803	13607506
Scala	15760	6762	13525268
Scala	15776	6756	13513407
Scala	15792	6814	13628231
Scala	15808	6806	13613288
Scala	15824	6768	13537234
Scala	15840	7131	14262802
Scala	15856	10099	20198143
Scala	15872	7852	15704357
Scala	15888	6938	13876910
Scala	15904	6952	13904987
Scala	15920	6892	13784642
Scala	15936	6823	13646939
Scala	15952	8638	17277022
Scala	15968	6921	13842689
Scala	15984	7570	15141964
Scala	16000	7074	14149349
