AVX2	16	8	17552
AVX2	32	13	26217
AVX2	48	19	39318
AVX2	64	16	32130
AVX2	80	18	37161
AVX2	96	20	41844
AVX2	112	24	48632
AVX2	128	26	53878
AVX2	144	28	57274
AVX2	160	44	89512
AVX2	176	33	66730
AVX2	192	35	71751
AVX2	208	51	103884
AVX2	224	51	102000
AVX2	240	48	96697
AVX2	256	49	99644
AVX2	272	48	97463
AVX2	288	64	129314
AVX2	304	56	112528
AVX2	320	58	117814
AVX2	336	77	155204
AVX2	352	77	154978
AVX2	368	76	152008
AVX2	384	68	137940
AVX2	400	72	144254
AVX2	416	69	138807
AVX2	432	75	151051
AVX2	448	75	151558
AVX2	464	112	225847
AVX2	480	96	192067
AVX2	496	138	276500
AVX2	512	133	267706
AVX2	528	124	248360
AVX2	544	85	171600
AVX2	560	104	208835
AVX2	576	119	238360
AVX2	592	95	190412
AVX2	608	97	194569
AVX2	624	99	199605
AVX2	640	102	204799
AVX2	656	122	245060
AVX2	672	124	248292
AVX2	688	139	279833
AVX2	704	126	253674
AVX2	720	129	258009
AVX2	736	131	262751
AVX2	752	112	225567
AVX2	768	134	269482
AVX2	784	135	270659
AVX2	800	136	272988
AVX2	816	140	281151
AVX2	832	122	245134
AVX2	848	142	284910
AVX2	864	180	360601
AVX2	880	143	287004
AVX2	896	148	296346
AVX2	912	151	302073
AVX2	928	150	300581
AVX2	944	156	312089
AVX2	960	155	311177
AVX2	976	137	275710
AVX2	992	143	287825
AVX2	1008	162	324953
AVX2	1024	150	300311
AVX2	1040	149	299021
AVX2	1056	148	297820
AVX2	1072	150	301623
AVX2	1088	172	344814
AVX2	1104	154	309252
AVX2	1120	156	312898
AVX2	1136	177	354770
AVX2	1152	230	461118
AVX2	1168	163	327047
AVX2	1184	181	362693
AVX2	1200	217	435050
AVX2	1216	185	371420
AVX2	1232	170	340950
AVX2	1248	171	343120
AVX2	1264	173	346465
AVX2	1280	175	350721
AVX2	1296	196	393842
AVX2	1312	178	356325
AVX2	1328	199	399758
AVX2	1344	201	403208
AVX2	1360	191	383151
AVX2	1376	317	635471
AVX2	1392	207	415239
AVX2	1408	208	416913
AVX2	1424	211	422781
AVX2	1440	211	423265
AVX2	1456	213	426248
AVX2	1472	215	430732
AVX2	1488	217	434984
AVX2	1504	219	439533
AVX2	1520	222	444974
AVX2	1536	220	441748
AVX2	1552	224	448798
AVX2	1568	209	418175
AVX2	1584	230	461915
AVX2	1600	230	460976
AVX2	1616	230	461097
AVX2	1632	233	467192
AVX2	1648	238	476216
AVX2	1664	236	473946
AVX2	1680	242	484619
AVX2	1696	242	484495
AVX2	1712	244	488446
AVX2	1728	225	451770
AVX2	1744	246	493025
AVX2	1760	276	553405
AVX2	1776	251	502638
AVX2	1792	232	464696
AVX2	1808	247	494746
AVX2	1824	236	472555
AVX2	1840	237	475827
AVX2	1856	239	478094
AVX2	1872	261	523043
AVX2	1888	240	480147
AVX2	1904	244	489831
AVX2	1920	275	551448
AVX2	1936	270	541370
AVX2	1952	290	581560
AVX2	1968	272	544285
AVX2	1984	252	505888
AVX2	2000	273	547506
AVX2	2016	288	576181
AVX2	2032	319	639594
AVX2	2048	405	810828
AVX2	2064	292	584914
AVX2	2080	326	652561
AVX2	2096	291	583268
AVX2	2112	400	800288
AVX2	2128	312	625349
AVX2	2144	297	595834
AVX2	2160	297	595162
AVX2	2176	333	667463
AVX2	2192	299	598850
AVX2	2208	294	588031
AVX2	2224	302	605999
AVX2	2240	306	613018
AVX2	2256	308	616010
AVX2	2272	306	613095
AVX2	2288	342	684890
AVX2	2304	311	623599
AVX2	2320	314	629904
AVX2	2336	315	630415
AVX2	2352	318	636527
AVX2	2368	318	636194
AVX2	2384	322	644114
AVX2	2400	306	612352
AVX2	2416	308	616916
AVX2	2432	327	654246
AVX2	2448	315	631069
AVX2	2464	313	626217
AVX2	2480	314	628276
AVX2	2496	314	629595
AVX2	2512	336	673896
AVX2	2528	320	640682
AVX2	2544	339	678427
AVX2	2560	387	775528
AVX2	2576	340	681732
AVX2	2592	397	795048
AVX2	2608	499	999135
AVX2	2624	513	1026698
AVX2	2640	353	706807
AVX2	2656	353	706035
AVX2	2672	354	709788
AVX2	2688	357	715764
AVX2	2704	358	716878
AVX2	2720	398	797654
AVX2	2736	590	1180880
AVX2	2752	436	872456
AVX2	2768	368	737556
AVX2	2784	363	726128
AVX2	2800	368	737009
AVX2	2816	372	745802
AVX2	2832	375	751067
AVX2	2848	376	753362
AVX2	2864	620	1240022
AVX2	2880	515	1030972
AVX2	2896	384	769145
AVX2	2912	393	787632
AVX2	2928	385	770153
AVX2	2944	386	772099
AVX2	2960	388	776562
AVX2	2976	388	777296
AVX2	2992	437	875431
AVX2	3008	392	785568
AVX2	3024	393	787577
AVX2	3040	536	1073960
AVX2	3056	393	787521
AVX2	3072	393	787470
AVX2	3088	410	821268
AVX2	3104	647	1294003
AVX2	3120	632	1264209
AVX2	3136	644	1288434
AVX2	3152	425	851968
AVX2	3168	432	865577
AVX2	3184	416	833358
AVX2	3200	483	967175
AVX2	3216	418	837194
AVX2	3232	419	838799
AVX2	3248	418	837881
AVX2	3264	420	840736
AVX2	3280	424	848839
AVX2	3296	470	941125
AVX2	3312	428	857519
AVX2	3328	429	858157
AVX2	3344	494	989857
AVX2	3360	434	869865
AVX2	3376	436	873475
AVX2	3392	439	878218
AVX2	3408	445	891339
AVX2	3424	444	889272
AVX2	3440	446	893259
AVX2	3456	444	889648
AVX2	3472	447	895102
AVX2	3488	451	902140
AVX2	3504	451	902830
AVX2	3520	452	904583
AVX2	3536	455	911260
AVX2	3552	450	900580
AVX2	3568	460	921256
AVX2	3584	563	1127974
AVX2	3600	463	926910
AVX2	3616	579	1159424
AVX2	3632	465	931245
AVX2	3648	466	933608
AVX2	3664	471	942671
AVX2	3680	524	1049364
AVX2	3696	472	945303
AVX2	3712	476	952839
AVX2	3728	480	960105
AVX2	3744	482	965866
AVX2	3760	481	963201
AVX2	3776	481	962208
AVX2	3792	482	964371
AVX2	3808	485	970739
AVX2	3824	488	976188
AVX2	3840	488	976554
AVX2	3856	488	977472
AVX2	3872	492	985634
AVX2	3888	497	995696
AVX2	3904	551	1102478
AVX2	3920	500	1001874
AVX2	3936	554	1109833
AVX2	3952	568	1137956
AVX2	3968	593	1187951
AVX2	3984	509	1018032
AVX2	4000	509	1019316
AVX2	4016	509	1018371
AVX2	4032	512	1025927
AVX2	4048	548	1097678
AVX2	4064	542	1084069
AVX2	4080	533	1067628
AVX2	4096	536	1072543
AVX2	4112	543	1086390
AVX2	4128	548	1096992
AVX2	4144	665	1331945
AVX2	4160	604	1209052
AVX2	4176	539	1078058
AVX2	4192	547	1094217
AVX2	4208	608	1216882
AVX2	4224	538	1077648
AVX2	4240	538	1076225
AVX2	4256	539	1078421
AVX2	4272	604	1209592
AVX2	4288	563	1126352
AVX2	4304	543	1086224
AVX2	4320	546	1092689
AVX2	4336	538	1076664
AVX2	4352	731	1462106
AVX2	4368	585	1170410
AVX2	4384	556	1112818
AVX2	4400	552	1104412
AVX2	4416	558	1117608
AVX2	4432	561	1123521
AVX2	4448	555	1110292
AVX2	4464	565	1130049
AVX2	4480	566	1133594
AVX2	4496	665	1331702
AVX2	4512	567	1134227
AVX2	4528	568	1136916
AVX2	4544	626	1253386
AVX2	4560	575	1150608
AVX2	4576	576	1152863
AVX2	4592	575	1151298
AVX2	4608	581	1162872
AVX2	4624	577	1155930
AVX2	4640	649	1298139
AVX2	4656	584	1168779
AVX2	4672	575	1151039
AVX2	4688	695	1390853
AVX2	4704	596	1192033
AVX2	4720	602	1205503
AVX2	4736	596	1193816
AVX2	4752	982	1965536
AVX2	4768	638	1277771
AVX2	4784	593	1186340
AVX2	4800	603	1207407
AVX2	4816	639	1279022
AVX2	4832	611	1223091
AVX2	4848	648	1296702
AVX2	4864	611	1222978
AVX2	4880	713	1426990
AVX2	4896	621	1243100
AVX2	4912	675	1350323
AVX2	4928	618	1236632
AVX2	4944	622	1244871
AVX2	4960	742	1484892
AVX2	4976	1016	2032165
AVX2	4992	1020	2041461
AVX2	5008	1019	2039411
AVX2	5024	1124	2249614
AVX2	5040	1087	2174090
AVX2	5056	1088	2177646
AVX2	5072	636	1273489
AVX2	5088	694	1389981
AVX2	5104	651	1303182
AVX2	5120	687	1374169
AVX2	5136	658	1316839
AVX2	5152	699	1399965
AVX2	5168	635	1270470
AVX2	5184	692	1385200
AVX2	5200	646	1293582
AVX2	5216	649	1298907
AVX2	5232	649	1298666
AVX2	5248	651	1302365
AVX2	5264	1186	2373904
AVX2	5280	661	1322895
AVX2	5296	705	1411878
AVX2	5312	660	1320512
AVX2	5328	663	1326758
AVX2	5344	665	1330189
AVX2	5360	668	1337479
AVX2	5376	664	1328362
AVX2	5392	734	1468304
AVX2	5408	725	1450462
AVX2	5424	718	1436448
AVX2	5440	678	1357468
AVX2	5456	679	1358465
AVX2	5472	689	1378386
AVX2	5488	761	1523843
AVX2	5504	691	1383235
AVX2	5520	915	1831298
AVX2	5536	695	1391847
AVX2	5552	724	1449997
AVX2	5568	709	1418860
AVX2	5584	739	1478113
AVX2	5600	718	1436142
AVX2	5616	718	1437815
AVX2	5632	754	1508579
AVX2	5648	730	1461453
AVX2	5664	742	1484698
AVX2	5680	760	1521359
AVX2	5696	839	1678476
AVX2	5712	826	1652812
AVX2	5728	837	1674679
AVX2	5744	867	1734535
AVX2	5760	890	1781841
AVX2	5776	936	1873132
AVX2	5792	1026	2052895
AVX2	5808	977	1955890
AVX2	5824	979	1958278
AVX2	5840	1029	2059752
AVX2	5856	1064	2129691
AVX2	5872	1043	2086573
AVX2	5888	1057	2115042
AVX2	5904	1126	2252877
AVX2	5920	1166	2332960
AVX2	5936	1358	2716282
AVX2	5952	1781	3563025
AVX2	5968	1117	2234354
AVX2	5984	1128	2257614
AVX2	6000	1129	2258331
AVX2	6016	1099	2198322
AVX2	6032	1120	2240237
AVX2	6048	1156	2312414
AVX2	6064	1207	2414214
AVX2	6080	1289	2578808
AVX2	6096	1143	2286603
AVX2	6112	1165	2330399
AVX2	6128	1257	2515855
AVX2	6144	1239	2478305
AVX2	6160	1294	2588271
AVX2	6176	1326	2652708
AVX2	6192	1408	2817785
AVX2	6208	1441	2883100
AVX2	6224	1597	3195835
AVX2	6240	1572	3144021
AVX2	6256	1653	3306724
AVX2	6272	1668	3337247
AVX2	6288	1686	3372753
AVX2	6304	1673	3346979
AVX2	6320	1699	3398138
AVX2	6336	1525	3051559
AVX2	6352	1468	2937278
AVX2	6368	1466	2932963
AVX2	6384	1458	2917354
AVX2	6400	1474	2949354
AVX2	6416	1530	3060658
AVX2	6432	1497	2995598
AVX2	6448	1578	3156706
AVX2	6464	1629	3259958
AVX2	6480	1726	3452768
AVX2	6496	1795	3591542
AVX2	6512	1806	3612915
AVX2	6528	1842	3685171
AVX2	6544	1825	3651030
AVX2	6560	1898	3796413
AVX2	6576	1782	3565272
AVX2	6592	1765	3531380
AVX2	6608	1791	3582779
AVX2	6624	1757	3514092
AVX2	6640	1744	3488089
AVX2	6656	1735	3470712
AVX2	6672	1821	3642978
AVX2	6688	1735	3470231
AVX2	6704	1769	3539578
AVX2	6720	1835	3671333
AVX2	6736	1809	3619447
AVX2	6752	1836	3673978
AVX2	6768	1797	3595232
AVX2	6784	1842	3684952
AVX2	6800	1886	3772612
AVX2	6816	1834	3669685
AVX2	6832	1841	3682019
AVX2	6848	1863	3726926
AVX2	6864	1865	3730465
AVX2	6880	1871	3743281
AVX2	6896	1846	3692080
AVX2	6912	1941	3882971
AVX2	6928	1904	3809799
AVX2	6944	1877	3754935
AVX2	6960	1867	3734156
AVX2	6976	1896	3792339
AVX2	6992	1935	3870010
AVX2	7008	1936	3872256
AVX2	7024	1926	3852169
AVX2	7040	1941	3882917
AVX2	7056	1964	3928380
AVX2	7072	1946	3893362
AVX2	7088	2219	4439162
AVX2	7104	2033	4067651
AVX2	7120	2013	4027103
AVX2	7136	2048	4096575
AVX2	7152	2029	4059548
AVX2	7168	2020	4040106
AVX2	7184	2014	4029266
AVX2	7200	2031	4062330
AVX2	7216	2025	4051145
AVX2	7232	2025	4051572
AVX2	7248	2091	4183884
AVX2	7264	2061	4123021
AVX2	7280	2071	4142216
AVX2	7296	2080	4160155
AVX2	7312	2112	4224540
AVX2	7328	2085	4170097
AVX2	7344	2296	4593042
AVX2	7360	2306	4613489
AVX2	7376	2110	4220513
AVX2	7392	2144	4289186
AVX2	7408	2213	4427991
AVX2	7424	2085	4171294
AVX2	7440	2119	4238342
AVX2	7456	2113	4227265
AVX2	7472	2123	4246837
AVX2	7488	2145	4290919
AVX2	7504	2098	4197782
AVX2	7520	2093	4187985
AVX2	7536	2090	4180643
AVX2	7552	2116	4232119
AVX2	7568	2102	4205870
AVX2	7584	2163	4327556
AVX2	7600	2146	4293735
AVX2	7616	2181	4363566
AVX2	7632	2198	4396445
AVX2	7648	2149	4298843
AVX2	7664	2201	4403990
AVX2	7680	2135	4271598
AVX2	7696	2167	4334352
AVX2	7712	2188	4376082
AVX2	7728	2242	4485515
AVX2	7744	2219	4438937
AVX2	7760	2204	4408610
AVX2	7776	2209	4419902
AVX2	7792	2198	4396701
AVX2	7808	2213	4427105
AVX2	7824	2221	4442693
AVX2	7840	2276	4553284
AVX2	7856	2248	4497082
AVX2	7872	2295	4591511
AVX2	7888	2220	4440393
AVX2	7904	2265	4531767
AVX2	7920	2183	4366277
AVX2	7936	2219	4439057
AVX2	7952	2307	4614706
AVX2	7968	2271	4542827
AVX2	7984	2212	4425456
AVX2	8000	2222	4445887
AVX2	8016	2278	4557743
AVX2	8032	2230	4460515
AVX2	8048	2254	4508049
AVX2	8064	2265	4530570
AVX2	8080	2179	4358019
AVX2	8096	2321	4643202
AVX2	8112	2212	4424487
AVX2	8128	2196	4393967
AVX2	8144	2245	4490482
AVX2	8160	2312	4624949
AVX2	8176	2259	4519775
AVX2	8192	2275	4550145
AVX2	8208	2275	4551260
AVX2	8224	2331	4663729
AVX2	8240	2207	4415414
AVX2	8256	2286	4573715
AVX2	8272	2322	4644649
AVX2	8288	2288	4577869
AVX2	8304	2387	4774524
AVX2	8320	2339	4678098
AVX2	8336	2374	4748880
AVX2	8352	2407	4814944
AVX2	8368	2350	4701258
AVX2	8384	2359	4719220
AVX2	8400	2420	4840733
AVX2	8416	2585	5170823
AVX2	8432	2563	5126181
AVX2	8448	2484	4969539
AVX2	8464	2326	4653139
AVX2	8480	2363	4726658
AVX2	8496	2413	4826652
AVX2	8512	2436	4873125
AVX2	8528	2342	4684225
AVX2	8544	2413	4826420
AVX2	8560	2405	4810039
AVX2	8576	2437	4874748
AVX2	8592	2484	4969088
AVX2	8608	2457	4914479
AVX2	8624	2381	4763078
AVX2	8640	2509	5018915
AVX2	8656	2773	5546115
AVX2	8672	2602	5205776
AVX2	8688	2608	5217401
AVX2	8704	2664	5328756
AVX2	8720	2607	5214123
AVX2	8736	2533	5066212
AVX2	8752	2476	4953556
AVX2	8768	2494	4988218
AVX2	8784	2452	4905594
AVX2	8800	2422	4845387
AVX2	8816	2427	4855674
AVX2	8832	2397	4795888
AVX2	8848	2402	4804191
AVX2	8864	2478	4957068
AVX2	8880	2456	4912235
AVX2	8896	2492	4984991
AVX2	8912	2486	4972199
AVX2	8928	2496	4993742
AVX2	8944	2351	4703533
AVX2	8960	2518	5036060
AVX2	8976	2373	4747624
AVX2	8992	2502	5004819
AVX2	9008	2468	4937959
AVX2	9024	2508	5017566
AVX2	9040	2453	4907594
AVX2	9056	2401	4802679
AVX2	9072	2517	5034780
AVX2	9088	2591	5182354
AVX2	9104	2649	5298141
AVX2	9120	2534	5068710
AVX2	9136	2578	5156611
AVX2	9152	2581	5163900
AVX2	9168	2551	5102730
AVX2	9184	2567	5135823
AVX2	9200	2612	5225379
AVX2	9216	2560	5121064
AVX2	9232	2682	5365895
AVX2	9248	2573	5147133
AVX2	9264	2601	5202874
AVX2	9280	2645	5291193
AVX2	9296	2574	5149652
AVX2	9312	2627	5255233
AVX2	9328	2618	5237321
AVX2	9344	2686	5373989
AVX2	9360	2689	5379275
AVX2	9376	2543	5087309
AVX2	9392	2654	5309506
AVX2	9408	2651	5303682
AVX2	9424	2713	5427591
AVX2	9440	2781	5562989
AVX2	9456	2811	5622665
AVX2	9472	2704	5409738
AVX2	9488	3341	6683885
AVX2	9504	4382	8764995
AVX2	9520	3018	6037113
AVX2	9536	2591	5183859
AVX2	9552	2727	5454233
AVX2	9568	2707	5415410
AVX2	9584	2713	5427324
AVX2	9600	2716	5432197
AVX2	9616	2701	5402990
AVX2	9632	2586	5172574
AVX2	9648	2954	5908273
AVX2	9664	2995	5991677
AVX2	9680	2798	5596480
AVX2	9696	2721	5443901
AVX2	9712	2865	5731580
AVX2	9728	2731	5463129
AVX2	9744	2731	5463497
AVX2	9760	2966	5933137
AVX2	9776	2978	5957478
AVX2	9792	2759	5519188
AVX2	9808	2858	5717715
AVX2	9824	2986	5973481
AVX2	9840	2740	5481444
AVX2	9856	2779	5558036
AVX2	9872	2880	5761163
AVX2	9888	2825	5651348
AVX2	9904	2781	5563471
AVX2	9920	3031	6062284
AVX2	9936	2786	5573770
AVX2	9952	2813	5627422
AVX2	9968	2755	5511867
AVX2	9984	2756	5513266
AVX2	10000	2816	5633127
AVX2	10016	2933	5866382
AVX2	10032	2815	5631098
AVX2	10048	2664	5328868
AVX2	10064	2795	5591738
AVX2	10080	3039	6079542
AVX2	10096	2725	5451734
AVX2	10112	2686	5373442
AVX2	10128	2813	5627015
AVX2	10144	2741	5482949
AVX2	10160	2872	5744033
AVX2	10176	2756	5512772
AVX2	10192	2818	5636544
AVX2	10208	2806	5612108
AVX2	10224	2834	5668671
AVX2	10240	2821	5642068
AVX2	10256	2850	5700350
AVX2	10272	2890	5780100
AVX2	10288	2934	5869003
AVX2	10304	3118	6237931
AVX2	10320	2846	5692713
AVX2	10336	2868	5737448
AVX2	10352	2973	5946951
AVX2	10368	2860	5720612
AVX2	10384	2912	5825676
AVX2	10400	2901	5802950
AVX2	10416	2919	5839421
AVX2	10432	2884	5768045
AVX2	10448	3016	6033382
AVX2	10464	3232	6464869
AVX2	10480	3243	6487998
AVX2	10496	3068	6137153
AVX2	10512	2886	5773414
AVX2	10528	2982	5964893
AVX2	10544	3204	6409878
AVX2	10560	2955	5910917
AVX2	10576	3024	6049368
AVX2	10592	2959	5918889
AVX2	10608	3011	6023151
AVX2	10624	2968	5936192
AVX2	10640	3012	6024975
AVX2	10656	2989	5979664
AVX2	10672	3062	6124797
AVX2	10688	3113	6227859
AVX2	10704	3111	6223556
AVX2	10720	3461	6923871
AVX2	10736	3253	6507732
AVX2	10752	3224	6448779
AVX2	10768	3551	7103545
AVX2	10784	3146	6293661
AVX2	10800	3138	6276608
AVX2	10816	3049	6098319
AVX2	10832	3285	6570277
AVX2	10848	3058	6116566
AVX2	10864	2946	5893689
AVX2	10880	2991	5983952
AVX2	10896	3035	6070504
AVX2	10912	3066	6132544
AVX2	10928	3132	6264134
AVX2	10944	2992	5984472
AVX2	10960	3012	6024245
AVX2	10976	3111	6223782
AVX2	10992	3018	6037670
AVX2	11008	3026	6053712
AVX2	11024	3238	6476553
AVX2	11040	3014	6029284
AVX2	11056	3042	6084211
AVX2	11072	3079	6158452
AVX2	11088	3251	6503979
AVX2	11104	3002	6005971
AVX2	11120	3055	6110945
AVX2	11136	3113	6226560
AVX2	11152	3091	6183730
AVX2	11168	3174	6349717
AVX2	11184	3100	6201077
AVX2	11200	3161	6322956
AVX2	11216	5376	10752466
AVX2	11232	3084	6168564
AVX2	11248	3161	6322556
AVX2	11264	3665	7330669
AVX2	11280	3065	6130740
AVX2	11296	3199	6399491
AVX2	11312	3233	6466387
AVX2	11328	3167	6334670
AVX2	11344	3185	6370071
AVX2	11360	3422	6845884
AVX2	11376	3178	6356153
AVX2	11392	3166	6333728
AVX2	11408	3331	6663583
AVX2	11424	3219	6438991
AVX2	11440	3120	6240769
AVX2	11456	3250	6501216
AVX2	11472	3384	6768444
AVX2	11488	3464	6929217
AVX2	11504	3488	6976985
AVX2	11520	3143	6286283
AVX2	11536	3265	6531321
AVX2	11552	3195	6391665
AVX2	11568	3195	6391412
AVX2	11584	3229	6458643
AVX2	11600	3262	6524547
AVX2	11616	3247	6495032
AVX2	11632	3125	6250498
AVX2	11648	3540	7080391
AVX2	11664	3229	6458733
AVX2	11680	3207	6415425
AVX2	11696	3243	6487992
AVX2	11712	3598	7197866
AVX2	11728	3346	6693413
AVX2	11744	3307	6614430
AVX2	11760	3244	6488361
AVX2	11776	3213	6426959
AVX2	11792	3384	6769517
AVX2	11808	3292	6585256
AVX2	11824	3255	6511167
AVX2	11840	3359	6718391
AVX2	11856	3342	6685866
AVX2	11872	3323	6646907
AVX2	11888	3373	6747246
AVX2	11904	3336	6672599
AVX2	11920	3366	6732791
AVX2	11936	3352	6705980
AVX2	11952	4647	9294442
AVX2	11968	3369	6739519
AVX2	11984	3483	6966809
AVX2	12000	3401	6802411
AVX2	12016	3388	6777392
AVX2	12032	3327	6654131
AVX2	12048	3383	6767259
AVX2	12064	3501	7003184
AVX2	12080	3366	6733545
AVX2	12096	3371	6742736
AVX2	12112	3458	6917649
AVX2	12128	3370	6740521
AVX2	12144	3314	6628270
AVX2	12160	3444	6889026
AVX2	12176	3324	6649525
AVX2	12192	3332	6665354
AVX2	12208	3219	6439101
AVX2	12224	3381	6762249
AVX2	12240	3397	6795036
AVX2	12256	3536	7072814
AVX2	12272	3427	6854601
AVX2	12288	3386	6773342
AVX2	12304	3428	6856381
AVX2	12320	3361	6722866
AVX2	12336	3313	6626443
AVX2	12352	3351	6703638
AVX2	12368	3398	6797416
AVX2	12384	3371	6742980
AVX2	12400	3431	6863334
AVX2	12416	3451	6903996
AVX2	12432	3373	6746361
AVX2	12448	3460	6921631
AVX2	12464	3452	6904712
AVX2	12480	3452	6905398
AVX2	12496	3639	7278470
AVX2	12512	3848	7697402
AVX2	12528	3839	7678819
AVX2	12544	3666	7333679
AVX2	12560	3487	6975652
AVX2	12576	3480	6961412
AVX2	12592	3483	6966844
AVX2	12608	3543	7086390
AVX2	12624	3570	7141294
AVX2	12640	3548	7097489
AVX2	12656	3557	7115202
AVX2	12672	3443	6887356
AVX2	12688	3537	7075515
AVX2	12704	3565	7131990
AVX2	12720	3600	7200479
AVX2	12736	3556	7112599
AVX2	12752	3673	7347516
AVX2	12768	3854	7709957
AVX2	12784	3939	7879929
AVX2	12800	3939	7878181
AVX2	12816	3851	7703955
AVX2	12832	3683	7367735
AVX2	12848	3631	7263434
AVX2	12864	3605	7211506
AVX2	12880	3591	7182234
AVX2	12896	3519	7038334
AVX2	12912	3552	7105916
AVX2	12928	3537	7074299
AVX2	12944	5568	11137799
AVX2	12960	3341	6683707
AVX2	12976	3551	7102484
AVX2	12992	3534	7069899
AVX2	13008	3500	7001563
AVX2	13024	3631	7262982
AVX2	13040	3584	7169938
AVX2	13056	3453	6906405
AVX2	13072	3644	7289137
AVX2	13088	3665	7330673
AVX2	13104	3571	7142696
AVX2	13120	3585	7171620
AVX2	13136	3587	7174699
AVX2	13152	3696	7392629
AVX2	13168	3649	7298972
AVX2	13184	3633	7266471
AVX2	13200	3598	7196773
AVX2	13216	3680	7360339
AVX2	13232	3574	7148362
AVX2	13248	3668	7337200
AVX2	13264	3681	7363408
AVX2	13280	3689	7379986
AVX2	13296	3657	7315515
AVX2	13312	3687	7374183
AVX2	13328	3719	7439423
AVX2	13344	3705	7411765
AVX2	13360	3813	7627084
AVX2	13376	3589	7179671
AVX2	13392	3739	7478810
AVX2	13408	3723	7446198
AVX2	13424	3768	7536815
AVX2	13440	3840	7680325
AVX2	13456	3815	7630744
AVX2	13472	3763	7527478
AVX2	13488	3783	7567081
AVX2	13504	3721	7442413
AVX2	13520	3855	7711329
AVX2	13536	4106	8213540
AVX2	13552	4070	8140811
AVX2	13568	3913	7826516
AVX2	13584	3734	7468712
AVX2	13600	3793	7587261
AVX2	13616	3807	7614544
AVX2	13632	3783	7566687
AVX2	13648	3852	7705363
AVX2	13664	3762	7524980
AVX2	13680	3818	7637959
AVX2	13696	3770	7541420
AVX2	13712	3819	7638711
AVX2	13728	3845	7691151
AVX2	13744	3846	7692832
AVX2	13760	3725	7450697
AVX2	13776	3886	7773774
AVX2	13792	3836	7673325
AVX2	13808	3837	7674636
AVX2	13824	3849	7699197
AVX2	13840	3902	7804407
AVX2	13856	3797	7595812
AVX2	13872	3864	7728490
AVX2	13888	3788	7577484
AVX2	13904	3780	7560634
AVX2	13920	3912	7825147
AVX2	13936	3824	7649004
AVX2	13952	3903	7806802
AVX2	13968	3934	7869119
AVX2	13984	3841	7683642
AVX2	14000	5708	11416262
AVX2	14016	3861	7722283
AVX2	14032	3816	7633273
AVX2	14048	3906	7812887
AVX2	14064	3937	7874208
AVX2	14080	3878	7756638
AVX2	14096	3936	7872108
AVX2	14112	3837	7675503
AVX2	14128	3803	7607876
AVX2	14144	3966	7933658
AVX2	14160	3928	7857133
AVX2	14176	3909	7819451
AVX2	14192	3849	7698041
AVX2	14208	3916	7833066
AVX2	14224	3885	7771679
AVX2	14240	3879	7759449
AVX2	14256	3882	7764973
AVX2	14272	3832	7664699
AVX2	14288	3977	7955602
AVX2	14304	3978	7957676
AVX2	14320	5682	11364474
AVX2	14336	3870	7740250
AVX2	14352	3957	7914192
AVX2	14368	4015	8031082
AVX2	14384	3919	7838076
AVX2	14400	3918	7837297
AVX2	14416	3983	7966471
AVX2	14432	4006	8013449
AVX2	14448	4097	8195114
AVX2	14464	4040	8081680
AVX2	14480	4134	8268544
AVX2	14496	4020	8040983
AVX2	14512	4020	8040122
AVX2	14528	3991	7982883
AVX2	14544	4128	8256945
AVX2	14560	4589	9178250
AVX2	14576	4613	9227692
AVX2	14592	4222	8445941
AVX2	14608	4071	8143999
AVX2	14624	3998	7997835
AVX2	14640	4125	8250077
AVX2	14656	4086	8172659
AVX2	14672	4046	8093132
AVX2	14688	4102	8204955
AVX2	14704	4096	8193699
AVX2	14720	4154	8309687
AVX2	14736	4200	8400082
AVX2	14752	4142	8285965
AVX2	14768	4155	8310438
AVX2	14784	4208	8416378
AVX2	14800	5617	11234558
AVX2	14816	4453	8907783
AVX2	14832	4552	9104413
AVX2	14848	4640	9281566
AVX2	14864	4506	9012250
AVX2	14880	4396	8793783
AVX2	14896	5160	10320285
AVX2	14912	4014	8028138
AVX2	14928	4012	8024429
AVX2	14944	3929	7858181
AVX2	14960	4169	8338426
AVX2	14976	4072	8145259
AVX2	14992	4097	8194677
AVX2	15008	4080	8160945
AVX2	15024	4061	8122290
AVX2	15040	3903	7807432
AVX2	15056	4120	8241765
AVX2	15072	4157	8314292
AVX2	15088	4121	8242552
AVX2	15104	5961	11923155
AVX2	15120	4121	8243821
AVX2	15136	4118	8236684
AVX2	15152	4181	8363695
AVX2	15168	4092	8184907
AVX2	15184	4224	8449436
AVX2	15200	4104	8208375
AVX2	15216	4131	8263133
AVX2	15232	4149	8299215
AVX2	15248	4135	8271046
AVX2	15264	4297	8595454
AVX2	15280	4230	8461101
AVX2	15296	4223	8447029
AVX2	15312	4231	8463930
AVX2	15328	4294	8589475
AVX2	15344	4308	8616049
AVX2	15360	4297	8595995
AVX2	15376	4324	8648779
AVX2	15392	4250	8500419
AVX2	15408	4283	8566138
AVX2	15424	4233	8467939
AVX2	15440	4242	8485990
AVX2	15456	4201	8403494
AVX2	15472	4382	8765899
AVX2	15488	4128	8257576
AVX2	15504	4308	8616222
AVX2	15520	4277	8555554
AVX2	15536	4297	8594849
AVX2	15552	4142	8284111
AVX2	15568	4432	8865112
AVX2	15584	4769	9539962
AVX2	15600	5354	10709696
AVX2	15616	4417	8835579
AVX2	15632	4336	8673977
AVX2	15648	4283	8567487
AVX2	15664	4279	8559132
AVX2	15680	4222	8444738
AVX2	15696	4251	8502835
AVX2	15712	4426	8852956
AVX2	15728	4362	8725609
AVX2	15744	4353	8706832
AVX2	15760	4341	8682512
AVX2	15776	4396	8793072
AVX2	15792	4268	8536831
AVX2	15808	4434	8869421
AVX2	15824	4373	8746563
AVX2	15840	4357	8715215
AVX2	15856	4412	8825547
AVX2	15872	4440	8881909
AVX2	15888	4291	8583574
AVX2	15904	4328	8657001
AVX2	15920	4482	8965382
AVX2	15936	4383	8767096
AVX2	15952	4865	9730500
AVX2	15968	5338	10676269
AVX2	15984	4364	8728738
AVX2	16000	4421	8843967
