Scala	16	45	91801
Scala	32	83	166268
Scala	48	129	258604
Scala	64	133	267653
Scala	80	166	333528
Scala	96	196	393231
Scala	112	208	417706
Scala	128	219	438265
Scala	144	251	503324
Scala	160	268	537775
Scala	176	325	650783
Scala	192	385	770965
Scala	208	678	1356579
Scala	224	752	1504785
Scala	240	798	1596034
Scala	256	787	1575661
Scala	272	580	1161807
Scala	288	932	1864575
Scala	304	706	1412771
Scala	320	815	1630541
Scala	336	909	1819977
Scala	352	1182	2365589
Scala	368	815	1630416
Scala	384	1215	2431338
Scala	400	1247	2495324
Scala	416	1028	2057834
Scala	432	1002	2004858
Scala	448	1006	2013697
Scala	464	896	1793555
Scala	480	1038	2077204
Scala	496	1392	2785374
Scala	512	1424	2848432
Scala	528	1116	2233729
Scala	544	1187	2375391
Scala	560	1278	2556884
Scala	576	1113	2226348
Scala	592	1244	2489178
Scala	608	964	1929756
Scala	624	998	1997175
Scala	640	1082	2164917
Scala	656	1102	2205377
Scala	672	1062	2124203
Scala	688	1085	2171241
Scala	704	1248	2496143
Scala	720	1210	2421275
Scala	736	1162	2324050
Scala	752	1566	3133882
Scala	768	1498	2996556
Scala	784	1362	2725098
Scala	800	1259	2519709
Scala	816	1371	2743526
Scala	832	1415	2830369
Scala	848	1398	2797285
Scala	864	1358	2716019
Scala	880	1382	2765482
Scala	896	1404	2809943
Scala	912	1445	2891491
Scala	928	1468	2937005
Scala	944	1517	3034639
Scala	960	1538	3077613
Scala	976	1551	3102885
Scala	992	1561	3122077
Scala	1008	1624	3248033
Scala	1024	1606	3212691
Scala	1040	1685	3371745
Scala	1056	1690	3381192
Scala	1072	1797	3594006
Scala	1088	2348	4696949
Scala	1104	2538	5077139
Scala	1120	1844	3689172
Scala	1136	1958	3917576
Scala	1152	1802	3605761
Scala	1168	1941	3882819
Scala	1184	1853	3706242
Scala	1200	1872	3745483
Scala	1216	1943	3887702
Scala	1232	2115	4231526
Scala	1248	1952	3905495
Scala	1264	2027	4055435
Scala	1280	2019	4039758
Scala	1296	2149	4298092
Scala	1312	2277	4554972
Scala	1328	2301	4602772
Scala	1344	2128	4256854
Scala	1360	2173	4347616
Scala	1376	2178	4357467
Scala	1392	2190	4380077
Scala	1408	2355	4711080
Scala	1424	2542	5085889
Scala	1440	2585	5171122
Scala	1456	2410	4820218
Scala	1472	2707	5414128
Scala	1488	2324	4649032
Scala	1504	2350	4700203
Scala	1520	2478	4957096
Scala	1536	2447	4894448
Scala	1552	2461	4923092
Scala	1568	2511	5022166
Scala	1584	2617	5235223
Scala	1600	2928	5856754
Scala	1616	2640	5281192
Scala	1632	2550	5100344
Scala	1648	2577	5154290
Scala	1664	2803	5606361
Scala	1680	2765	5530904
Scala	1696	2655	5310394
Scala	1712	2696	5392076
Scala	1728	2756	5512727
Scala	1744	2774	5549098
Scala	1760	2809	5619869
Scala	1776	2757	5514244
Scala	1792	2793	5587810
Scala	1808	2909	5819003
Scala	1824	3197	6395533
Scala	1840	2911	5822889
Scala	1856	2963	5926640
Scala	1872	3379	6759439
Scala	1888	2945	5890331
Scala	1904	3224	6448618
Scala	1920	3588	7177925
Scala	1936	3045	6090718
Scala	1952	3374	6749909
Scala	1968	3715	7430228
Scala	1984	3190	6380106
Scala	2000	3226	6452431
Scala	2016	3480	6960532
Scala	2032	3444	6889662
Scala	2048	3566	7133372
Scala	2064	3506	7013635
Scala	2080	3526	7052276
Scala	2096	3352	6705400
Scala	2112	3312	6625576
Scala	2128	3423	6847514
Scala	2144	3611	7223798
Scala	2160	3398	6797824
Scala	2176	3460	6920312
Scala	2192	3473	6946413
Scala	2208	3453	6906994
Scala	2224	3513	7027274
Scala	2240	3555	7111428
Scala	2256	3573	7147896
Scala	2272	3568	7137479
Scala	2288	3615	7231557
Scala	2304	3646	7293929
Scala	2320	3773	7546359
Scala	2336	3685	7371130
Scala	2352	3884	7769542
Scala	2368	3845	7691772
Scala	2384	3892	7784849
Scala	2400	3921	7842751
Scala	2416	3803	7607422
Scala	2432	4027	8055950
Scala	2448	3858	7717585
Scala	2464	3847	7694779
Scala	2480	3943	7887351
Scala	2496	3994	7989904
Scala	2512	4012	8025781
Scala	2528	3963	7927519
Scala	2544	4534	9068620
Scala	2560	4114	8228752
Scala	2576	4034	8068790
Scala	2592	4020	8041699
Scala	2608	4580	9161279
Scala	2624	4128	8257659
Scala	2640	4905	9810366
Scala	2656	4187	8375828
Scala	2672	4536	9072057
Scala	2688	4232	8464215
Scala	2704	4303	8606282
Scala	2720	4426	8852565
Scala	2736	4497	8995032
Scala	2752	4301	8602859
Scala	2768	4451	8902059
Scala	2784	4377	8754501
Scala	2800	4607	9215555
Scala	2816	4526	9053318
Scala	2832	4476	8952623
Scala	2848	4529	9058320
Scala	2864	4527	9055449
Scala	2880	4510	9021634
Scala	2896	4583	9167683
Scala	2912	4577	9155414
Scala	2928	4648	9297086
Scala	2944	4738	9476796
Scala	2960	4676	9353088
Scala	2976	4709	9418713
Scala	2992	4771	9543798
Scala	3008	4696	9392674
Scala	3024	4943	9887839
Scala	3040	5216	10433747
Scala	3056	5008	10017063
Scala	3072	4851	9702522
Scala	3088	5362	10725707
Scala	3104	4884	9768569
Scala	3120	5155	10310810
Scala	3136	4979	9959988
Scala	3152	4987	9975499
Scala	3168	5079	10159611
Scala	3184	5461	10923508
Scala	3200	5124	10248982
Scala	3216	5208	10416589
Scala	3232	5102	10205229
Scala	3248	5129	10258272
Scala	3264	5185	10371973
Scala	3280	5157	10314431
Scala	3296	5198	10396832
Scala	3312	5445	10890298
Scala	3328	5358	10717197
Scala	3344	5275	10551793
Scala	3360	5334	10668982
Scala	3376	5568	11137725
Scala	3392	6079	12158640
Scala	3408	5622	11244741
Scala	3424	5433	10867358
Scala	3440	5382	10764312
Scala	3456	5575	11151792
Scala	3472	5469	10939935
Scala	3488	5473	10947328
Scala	3504	5546	11093092
Scala	3520	5649	11298305
Scala	3536	5630	11260094
Scala	3552	5883	11766242
Scala	3568	5954	11908806
Scala	3584	5673	11346697
Scala	3600	5667	11335275
Scala	3616	5971	11942296
Scala	3632	5789	11578974
Scala	3648	5714	11429234
Scala	3664	5725	11450100
Scala	3680	6411	12823390
Scala	3696	6730	13460785
Scala	3712	5818	11637368
Scala	3728	5838	11676146
Scala	3744	5921	11843790
Scala	3760	6237	12474322
Scala	3776	5923	11846221
Scala	3792	5950	11900672
Scala	3808	5965	11930547
Scala	3824	5997	11995372
Scala	3840	6008	12017996
Scala	3856	6346	12692324
Scala	3872	6096	12192948
Scala	3888	6198	12397475
Scala	3904	6787	13575952
Scala	3920	6135	12270202
Scala	3936	6271	12542885
Scala	3952	6419	12839860
Scala	3968	6274	12549056
Scala	3984	6204	12408249
Scala	4000	6252	12504482
Scala	4016	6331	12662586
Scala	4032	6394	12788532
Scala	4048	6823	13646476
Scala	4064	6425	12851016
Scala	4080	6423	12846790
Scala	4096	6438	12876454
Scala	4112	6529	13058940
Scala	4128	6514	13028876
Scala	4144	6945	13891461
Scala	4160	6636	13272468
Scala	4176	6547	13094462
Scala	4192	6835	13671219
Scala	4208	7103	14206543
Scala	4224	8775	17550314
Scala	4240	6639	13279241
Scala	4256	6693	13386538
Scala	4272	6757	13514137
Scala	4288	6731	13463576
Scala	4304	6831	13662480
Scala	4320	6792	13585045
Scala	4336	6903	13807991
Scala	4352	7088	14177839
Scala	4368	6859	13718001
Scala	4384	6945	13891282
Scala	4400	6995	13990179
Scala	4416	7058	14117275
Scala	4432	6921	13843933
Scala	4448	6996	13993446
Scala	4464	7069	14139661
Scala	4480	7039	14079585
Scala	4496	7004	14009953
Scala	4512	7090	14180976
Scala	4528	7404	14809152
Scala	4544	7355	14710494
Scala	4560	7206	14413271
Scala	4576	7228	14456184
Scala	4592	7168	14336525
Scala	4608	7151	14302523
Scala	4624	7504	15009482
Scala	4640	7269	14539007
Scala	4656	7306	14612663
Scala	4672	7342	14684173
Scala	4688	7329	14659133
Scala	4704	7406	14812645
Scala	4720	7341	14682907
Scala	4736	7445	14891543
Scala	4752	7500	15000375
Scala	4768	7539	15078304
Scala	4784	7461	14922380
Scala	4800	7674	15349311
Scala	4816	7471	14942934
Scala	4832	7547	15095003
Scala	4848	7605	15210773
Scala	4864	7630	15261623
Scala	4880	7655	15310295
Scala	4896	7657	15315450
Scala	4912	7695	15391587
Scala	4928	7728	15456635
Scala	4944	7713	15426991
Scala	4960	7806	15613761
Scala	4976	7771	15543386
Scala	4992	7810	15620126
Scala	5008	7843	15686528
Scala	5024	7935	15870049
Scala	5040	7927	15855611
Scala	5056	7940	15881145
Scala	5072	8029	16059909
Scala	5088	8052	16104907
Scala	5104	8057	16115733
Scala	5120	8079	16158082
Scala	5136	8075	16150213
Scala	5152	8109	16219338
Scala	5168	8106	16212533
Scala	5184	8204	16408820
Scala	5200	9524	19048860
Scala	5216	8190	16380259
Scala	5232	8272	16544585
Scala	5248	8249	16499047
Scala	5264	8325	16650297
Scala	5280	8409	16818143
Scala	5296	8295	16591475
Scala	5312	8365	16731478
Scala	5328	8377	16754151
Scala	5344	8451	16903087
Scala	5360	8468	16937113
Scala	5376	10564	21128585
Scala	5392	8469	16939045
Scala	5408	8526	17052770
Scala	5424	8620	17241506
Scala	5440	8567	17134092
Scala	5456	8774	17548559
Scala	5472	8754	17508690
Scala	5488	8604	17208000
Scala	5504	8659	17318998
Scala	5520	8755	17511633
Scala	5536	8788	17577338
Scala	5552	8804	17609192
Scala	5568	8791	17583690
Scala	5584	8783	17566572
Scala	5600	8814	17629491
Scala	5616	8775	17551982
Scala	5632	8842	17685589
Scala	5648	8906	17812347
Scala	5664	8883	17766573
Scala	5680	10285	20570451
Scala	5696	9102	18204980
Scala	5712	8983	17967625
Scala	5728	9012	18025578
Scala	5744	9063	18126508
Scala	5760	11354	22708494
Scala	5776	9101	18202463
Scala	5792	9070	18141477
Scala	5808	10036	20072861
Scala	5824	10068	20137607
Scala	5840	10102	20205207
Scala	5856	9284	18568529
Scala	5872	9299	18598728
Scala	5888	9266	18533606
Scala	5904	9242	18485183
Scala	5920	9325	18651975
Scala	5936	9444	18889516
Scala	5952	9353	18706023
Scala	5968	9740	19480928
Scala	5984	9800	19601677
Scala	6000	9430	18861518
Scala	6016	9508	19016169
Scala	6032	9640	19280076
Scala	6048	9522	19045074
Scala	6064	10338	20677191
Scala	6080	9698	19397917
Scala	6096	9927	19854934
Scala	6112	9849	19698352
Scala	6128	9765	19531530
Scala	6144	9665	19330456
Scala	6160	9771	19542920
Scala	6176	9977	19954367
Scala	6192	9849	19699132
Scala	6208	9774	19549730
Scala	6224	9791	19583238
Scala	6240	9808	19616305
Scala	6256	9861	19722735
Scala	6272	9865	19730105
Scala	6288	9887	19775731
Scala	6304	9919	19838921
Scala	6320	9950	19900507
Scala	6336	9954	19909240
Scala	6352	10005	20011398
Scala	6368	9950	19900736
Scala	6384	9998	19997937
Scala	6400	10058	20117487
Scala	6416	10077	20155158
Scala	6432	10111	20222452
Scala	6448	10135	20271600
Scala	6464	10160	20321675
Scala	6480	10197	20394187
Scala	6496	10212	20424352
Scala	6512	10255	20510066
Scala	6528	10264	20529516
Scala	6544	10289	20578498
Scala	6560	10312	20625030
Scala	6576	10356	20712447
Scala	6592	10372	20745840
Scala	6608	10706	21412340
Scala	6624	10368	20737104
Scala	6640	12571	25143125
Scala	6656	10576	21153609
Scala	6672	10483	20966025
Scala	6688	10592	21184913
Scala	6704	10521	21042896
Scala	6720	10646	21293138
Scala	6736	10908	21816122
Scala	6752	10565	21130521
Scala	6768	10636	21272309
Scala	6784	10664	21329128
Scala	6800	10804	21609753
Scala	6816	10826	21652743
Scala	6832	10815	21631212
Scala	6848	10750	21501016
Scala	6864	10829	21658315
Scala	6880	10876	21753419
Scala	6896	11009	22019380
Scala	6912	10855	21710355
Scala	6928	10877	21754206
Scala	6944	10995	21991249
Scala	6960	10999	21999723
Scala	6976	10955	21910004
Scala	6992	10974	21948240
Scala	7008	11031	22062754
Scala	7024	11062	22125834
Scala	7040	11163	22327270
Scala	7056	11076	22152416
Scala	7072	11096	22192340
Scala	7088	11229	22458690
Scala	7104	11116	22232267
Scala	7120	11323	22646734
Scala	7136	11209	22418412
Scala	7152	11238	22476275
Scala	7168	12345	24690148
Scala	7184	11269	22538580
Scala	7200	11261	22523146
Scala	7216	11310	22621995
Scala	7232	11475	22951207
Scala	7248	11418	22836454
Scala	7264	11435	22871522
Scala	7280	11392	22784196
Scala	7296	11456	22913880
Scala	7312	11464	22928404
Scala	7328	11485	22970729
Scala	7344	11527	23055098
Scala	7360	11568	23137994
Scala	7376	11632	23265739
Scala	7392	11689	23378059
Scala	7408	11720	23440691
Scala	7424	11702	23404695
Scala	7440	11667	23334332
Scala	7456	11765	23531955
Scala	7472	11702	23405180
Scala	7488	12662	25324089
Scala	7504	14038	28076232
Scala	7520	15251	30502360
Scala	7536	12544	25089762
Scala	7552	12128	24257928
Scala	7568	11947	23895911
Scala	7584	13112	26224584
Scala	7600	11933	23867014
Scala	7616	11970	23941133
Scala	7632	13663	27327818
Scala	7648	11985	23970423
Scala	7664	12143	24287405
Scala	7680	12325	24650321
Scala	7696	12117	24235800
Scala	7712	12210	24421907
Scala	7728	12229	24459861
Scala	7744	12319	24639148
Scala	7760	12307	24615876
Scala	7776	12393	24786367
Scala	7792	12240	24480010
Scala	7808	12259	24518157
Scala	7824	12283	24567988
Scala	7840	12295	24591587
Scala	7856	12326	24653527
Scala	7872	12344	24689216
Scala	7888	12352	24704050
Scala	7904	12426	24852351
Scala	7920	12451	24903340
Scala	7936	12476	24953848
Scala	7952	12500	25000143
Scala	7968	12487	24975116
Scala	7984	12516	25032096
Scala	8000	14237	28475962
Scala	8016	12600	25200822
Scala	8032	12659	25319762
Scala	8048	12633	25266545
Scala	8064	12861	25722935
Scala	8080	12881	25763896
Scala	8096	12827	25654241
Scala	8112	12911	25823486
Scala	8128	13044	26089413
Scala	8144	13233	26466856
Scala	8160	13292	26584938
Scala	8176	12845	25690686
Scala	8192	12968	25937717
Scala	8208	13137	26275624
Scala	8224	13097	26195487
Scala	8240	13583	27167724
Scala	8256	13015	26031358
Scala	8272	12994	25988182
Scala	8288	13000	26000962
Scala	8304	13042	26085826
Scala	8320	13082	26165723
Scala	8336	13056	26113238
Scala	8352	13099	26198082
Scala	8368	13182	26365105
Scala	8384	13214	26429867
Scala	8400	13174	26348866
Scala	8416	13421	26843616
Scala	8432	13219	26439466
Scala	8448	13221	26443845
Scala	8464	13931	27862434
Scala	8480	13284	26569641
Scala	8496	13414	26828073
Scala	8512	13362	26724904
Scala	8528	13391	26783782
Scala	8544	13420	26840002
Scala	8560	13396	26793401
Scala	8576	13465	26930821
Scala	8592	13524	27048724
Scala	8608	13495	26990148
Scala	8624	13654	27308994
Scala	8640	13538	27076249
Scala	8656	13585	27171844
Scala	8672	13606	27212712
Scala	8688	13713	27427890
Scala	8704	13685	27370123
Scala	8720	13673	27347632
Scala	8736	13749	27498045
Scala	8752	13738	27476024
Scala	8768	13793	27587673
Scala	8784	13763	27526836
Scala	8800	14073	28146310
Scala	8816	13856	27712036
Scala	8832	13872	27745587
Scala	8848	13964	27928974
Scala	8864	13928	27857482
Scala	8880	13942	27884733
Scala	8896	15192	30385624
Scala	8912	13955	27911707
Scala	8928	14116	28232672
Scala	8944	14359	28719493
Scala	8960	14169	28339779
Scala	8976	14115	28231920
Scala	8992	14621	29243388
Scala	9008	14278	28557625
Scala	9024	15078	30156095
Scala	9040	14210	28420143
Scala	9056	14188	28376926
Scala	9072	14364	28729545
Scala	9088	14265	28530807
Scala	9104	14225	28450606
Scala	9120	14320	28641229
Scala	9136	14360	28720114
Scala	9152	14363	28726018
Scala	9168	14618	29237324
Scala	9184	14454	28908499
Scala	9200	14442	28884371
Scala	9216	16848	33697946
Scala	9232	15172	30345565
Scala	9248	15322	30644082
Scala	9264	14535	29070431
Scala	9280	14587	29175898
Scala	9296	14597	29195079
Scala	9312	14538	29076174
Scala	9328	14588	29176469
Scala	9344	15027	30055105
Scala	9360	15445	30890401
Scala	9376	14712	29425380
Scala	9392	14806	29613335
Scala	9408	14755	29511171
Scala	9424	14813	29626745
Scala	9440	14906	29812464
Scala	9456	14906	29813190
Scala	9472	14864	29728126
Scala	9488	17282	34565164
Scala	9504	14957	29914028
Scala	9520	14972	29945321
Scala	9536	14924	29848758
Scala	9552	15073	30146640
Scala	9568	15048	30096792
Scala	9584	15033	30066480
Scala	9600	19222	38444147
Scala	9616	15802	31604501
Scala	9632	15156	30312485
Scala	9648	17374	34748637
Scala	9664	15158	30316009
Scala	9680	15170	30340330
Scala	9696	15182	30364642
Scala	9712	15309	30619184
Scala	9728	15419	30839551
Scala	9744	15331	30663634
Scala	9760	15311	30623118
Scala	9776	15321	30643169
Scala	9792	15349	30698153
Scala	9808	15435	30871102
Scala	9824	15864	31729840
Scala	9840	15624	31249418
Scala	9856	21948	43896519
Scala	9872	15453	30907766
Scala	9888	15576	31152442
Scala	9904	15754	31509700
Scala	9920	15550	31100989
Scala	9936	15566	31133170
Scala	9952	15616	31233211
Scala	9968	15639	31278603
Scala	9984	15937	31874556
Scala	10000	15688	31377617
Scala	10016	15746	31493171
Scala	10032	15803	31606164
Scala	10048	15736	31473381
Scala	10064	15786	31573095
Scala	10080	15811	31622285
Scala	10096	15857	31715510
Scala	10112	18206	36412275
Scala	10128	16090	32180666
Scala	10144	15984	31969219
Scala	10160	16080	32160238
Scala	10176	16077	32155712
Scala	10192	16914	33829330
Scala	10208	16615	33230196
Scala	10224	16046	32092709
Scala	10240	16192	32385060
Scala	10256	16334	32669719
Scala	10272	16984	33969414
Scala	10288	16122	32245277
Scala	10304	16427	32855852
Scala	10320	16226	32452355
Scala	10336	16214	32429399
Scala	10352	16349	32699053
Scala	10368	16384	32768159
Scala	10384	16302	32605738
Scala	10400	16365	32731845
Scala	10416	17022	34045999
Scala	10432	16337	32674563
Scala	10448	16413	32826824
Scala	10464	19648	39296516
Scala	10480	17127	34254397
Scala	10496	17444	34889281
Scala	10512	17209	34419196
Scala	10528	16501	33002481
Scala	10544	18985	37971605
Scala	10560	16557	33114744
Scala	10576	16594	33188774
Scala	10592	16657	33314314
Scala	10608	17372	34744379
Scala	10624	16747	33495405
Scala	10640	16659	33318614
Scala	10656	16685	33370980
Scala	10672	16715	33431754
Scala	10688	16829	33659665
Scala	10704	17595	35190216
Scala	10720	17848	35696645
Scala	10736	16870	33740598
Scala	10752	19271	38543045
Scala	10768	19871	39743030
Scala	10784	25708	51416279
Scala	10800	18057	36115143
Scala	10816	16995	33991538
Scala	10832	17725	35450008
Scala	10848	17147	34295905
Scala	10864	17443	34886738
Scala	10880	17387	34774230
Scala	10896	18144	36289626
Scala	10912	17130	34260030
Scala	10928	17168	34336880
Scala	10944	17150	34300032
Scala	10960	18012	36024877
Scala	10976	17355	34711010
Scala	10992	17592	35185069
Scala	11008	17290	34581759
Scala	11024	18185	36370360
Scala	11040	17402	34805811
Scala	11056	17838	35677830
Scala	11072	17387	34774085
Scala	11088	17447	34895304
Scala	11104	17697	35395314
Scala	11120	17384	34768234
Scala	11136	18019	36039248
Scala	11152	17770	35540431
Scala	11168	17487	34974383
Scala	11184	17565	35131666
Scala	11200	18305	36611266
Scala	11216	18260	36521220
Scala	11232	19296	38592343
Scala	11248	17743	35487198
Scala	11264	18117	36235333
Scala	11280	17762	35525084
Scala	11296	18566	37132537
Scala	11312	18683	37367322
Scala	11328	18038	36076637
Scala	11344	17851	35702555
Scala	11360	17917	35834623
Scala	11376	17826	35653889
Scala	11392	17878	35757384
Scala	11408	18470	36940866
Scala	11424	18058	36117657
Scala	11440	17965	35930288
Scala	11456	18022	36044070
Scala	11472	18192	36384126
Scala	11488	18091	36183356
Scala	11504	18518	37037163
Scala	11520	18226	36453895
Scala	11536	18185	36370957
Scala	11552	18116	36232361
Scala	11568	19025	38050643
Scala	11584	19099	38198751
Scala	11600	18353	36706524
Scala	11616	19405	38810654
Scala	11632	18399	36798558
Scala	11648	18279	36559592
Scala	11664	18347	36695988
Scala	11680	23854	47709000
Scala	11696	18533	37066531
Scala	11712	18580	37160151
Scala	11728	18404	36809261
Scala	11744	18382	36765566
Scala	11760	18385	36770715
Scala	11776	18547	37095941
Scala	11792	21280	42561504
Scala	11808	18504	37008141
Scala	11824	19038	38076708
Scala	11840	18713	37427921
Scala	11856	18610	37221072
Scala	11872	18594	37189429
Scala	11888	18622	37245811
Scala	11904	18763	37527940
Scala	11920	18840	37680468
Scala	11936	18881	37763200
Scala	11952	18706	37412746
Scala	11968	18900	37801171
Scala	11984	18792	37584566
Scala	12000	18862	37725272
Scala	12016	18857	37714305
Scala	12032	18883	37767101
Scala	12048	18890	37780475
Scala	12064	19321	38642953
Scala	12080	18934	37868326
Scala	12096	19008	38016733
Scala	12112	18949	37899145
Scala	12128	19142	38285564
Scala	12144	19349	38698870
Scala	12160	21892	43785224
Scala	12176	19980	39961530
Scala	12192	19149	38298362
Scala	12208	19262	38525181
Scala	12224	19880	39760525
Scala	12240	22341	44683434
Scala	12256	19789	39579482
Scala	12272	19560	39121106
Scala	12288	19389	38779680
Scala	12304	19585	39171894
Scala	12320	19647	39295422
Scala	12336	19560	39121005
Scala	12352	19436	38872701
Scala	12368	19410	38821224
Scala	12384	19429	38859196
Scala	12400	21952	43904940
Scala	12416	19537	39075403
Scala	12432	19508	39017824
Scala	12448	19601	39203561
Scala	12464	19601	39202607
Scala	12480	19599	39199157
Scala	12496	19656	39313201
Scala	12512	19630	39261432
Scala	12528	19606	39212659
Scala	12544	19839	39679839
Scala	12560	19707	39415869
Scala	12576	19737	39474790
Scala	12592	19739	39479413
Scala	12608	19789	39579799
Scala	12624	19783	39567976
Scala	12640	19830	39661639
Scala	12656	19842	39685883
Scala	12672	19890	39780342
Scala	12688	19977	39955065
Scala	12704	19939	39879184
Scala	12720	19887	39774732
Scala	12736	19888	39776966
Scala	12752	20037	40075930
Scala	12768	20004	40008919
Scala	12784	20134	40268366
Scala	12800	22509	45019731
Scala	12816	20517	41035075
Scala	12832	20297	40595360
Scala	12848	20171	40342182
Scala	12864	20185	40370518
Scala	12880	21069	42138466
Scala	12896	20232	40464576
Scala	12912	20625	41250180
Scala	12928	20274	40548789
Scala	12944	20344	40689857
Scala	12960	20313	40626878
Scala	12976	20366	40733056
Scala	12992	20381	40762554
Scala	13008	20374	40749226
Scala	13024	20407	40815139
Scala	13040	20460	40920758
Scala	13056	20483	40966905
Scala	13072	20569	41139337
Scala	13088	20492	40984953
Scala	13104	20605	41210537
Scala	13120	21041	42082973
Scala	13136	20625	41251764
Scala	13152	20621	41243319
Scala	13168	23133	46267113
Scala	13184	20697	41395147
Scala	13200	20679	41359418
Scala	13216	20765	41531405
Scala	13232	20759	41519658
Scala	13248	20771	41542178
Scala	13264	21057	42115985
Scala	13280	21026	42053948
Scala	13296	28141	56283277
Scala	13312	21710	43420469
Scala	13328	21120	42241065
Scala	13344	22202	44404321
Scala	13360	21762	43524313
Scala	13376	20994	41989726
Scala	13392	21032	42064179
Scala	13408	21119	42239805
Scala	13424	21062	42125886
Scala	13440	21159	42319507
Scala	13456	21275	42550771
Scala	13472	21097	42195777
Scala	13488	21243	42487887
Scala	13504	21174	42349525
Scala	13520	23632	47264339
Scala	13536	21227	42455100
Scala	13552	21552	43105778
Scala	13568	21279	42559287
Scala	13584	24655	49310975
Scala	13600	21361	42722229
Scala	13616	21348	42697375
Scala	13632	21358	42717016
Scala	13648	21392	42785517
Scala	13664	21444	42888290
Scala	13680	21467	42935072
Scala	13696	21473	42946426
Scala	13712	21847	43695113
Scala	13728	21515	43031735
Scala	13744	22342	44684424
Scala	13760	21598	43196793
Scala	13776	24087	48175002
Scala	13792	21604	43208999
Scala	13808	21679	43358058
Scala	13824	21855	43710624
Scala	13840	21669	43338743
Scala	13856	21788	43576184
Scala	13872	21786	43572785
Scala	13888	21844	43688579
Scala	13904	21793	43587458
Scala	13920	21809	43618852
Scala	13936	21941	43883397
Scala	13952	21861	43722364
Scala	13968	23703	47407972
Scala	13984	21858	43716447
Scala	14000	21933	43866179
Scala	14016	22834	45669853
Scala	14032	22006	44012010
Scala	14048	22128	44257904
Scala	14064	22758	45516055
Scala	14080	22375	44750757
Scala	14096	22074	44149423
Scala	14112	22215	44430892
Scala	14128	22123	44246069
Scala	14144	24645	49291154
Scala	14160	23158	46317437
Scala	14176	23722	47445944
Scala	14192	22347	44695019
Scala	14208	22577	45154515
Scala	14224	22762	45525881
Scala	14240	22367	44734911
Scala	14256	23447	46894471
Scala	14272	22931	45862303
Scala	14288	22848	45697499
Scala	14304	23093	46187800
Scala	14320	22550	45100275
Scala	14336	22531	45063179
Scala	14352	22721	45443300
Scala	14368	22860	45720554
Scala	14384	22582	45164603
Scala	14400	22640	45280970
Scala	14416	24809	49618001
Scala	14432	22683	45366057
Scala	14448	22637	45275268
Scala	14464	22764	45528707
Scala	14480	22676	45353685
Scala	14496	22855	45711269
Scala	14512	22764	45529396
Scala	14528	22720	45440836
Scala	14544	22978	45957859
Scala	14560	25260	50521596
Scala	14576	22948	45897003
Scala	14592	22858	45716469
Scala	14608	23689	47378882
Scala	14624	22972	45944514
Scala	14640	22989	45979235
Scala	14656	22961	45922674
Scala	14672	23068	46137550
Scala	14688	23266	46533510
Scala	14704	23051	46103292
Scala	14720	23073	46146140
Scala	14736	23091	46182915
Scala	14752	25903	51807270
Scala	14768	24207	48415117
Scala	14784	24633	49267261
Scala	14800	23215	46430224
Scala	14816	23335	46671393
Scala	14832	23184	46368706
Scala	14848	23313	46627128
Scala	14864	23331	46662167
Scala	14880	23449	46899632
Scala	14896	23337	46675892
Scala	14912	23348	46696770
Scala	14928	24234	48468936
Scala	14944	23433	46867590
Scala	14960	25896	51792838
Scala	14976	24774	49548937
Scala	14992	24280	48560708
Scala	15008	23503	47006155
Scala	15024	23562	47124685
Scala	15040	23589	47178700
Scala	15056	23644	47289528
Scala	15072	23626	47252564
Scala	15088	26151	52302328
Scala	15104	23838	47676474
Scala	15120	26162	52325677
Scala	15136	23689	47379015
Scala	15152	23755	47511065
Scala	15168	23828	47657730
Scala	15184	23791	47583979
Scala	15200	26415	52830699
Scala	15216	23844	47689797
Scala	15232	27678	55357457
Scala	15248	24933	49866740
Scala	15264	26432	52864080
Scala	15280	23953	47906800
Scala	15296	26432	52864543
Scala	15312	24342	48685357
Scala	15328	26532	53065171
Scala	15344	24082	48165814
Scala	15360	24040	48080343
Scala	15376	23978	47956640
Scala	15392	24136	48273190
Scala	15408	24174	48348994
Scala	15424	36673	73346106
Scala	15440	24938	49876101
Scala	15456	25199	50398896
Scala	15472	24276	48553559
Scala	15488	24998	49997796
Scala	15504	24771	49542263
Scala	15520	24447	48895015
Scala	15536	24654	49308070
Scala	15552	24767	49534035
Scala	15568	24772	49544718
Scala	15584	24473	48946171
Scala	15600	26249	52498015
Scala	15616	25129	50259905
Scala	15632	27183	54367245
Scala	15648	25896	51793537
Scala	15664	27096	54192950
Scala	15680	24740	49480758
Scala	15696	24578	49157888
Scala	15712	25929	51858792
Scala	15728	24805	49611152
Scala	15744	25085	50170705
Scala	15760	25146	50293574
Scala	15776	24889	49779731
Scala	15792	25401	50802888
Scala	15808	26102	52205894
Scala	15824	24917	49835448
Scala	15840	25002	50004079
Scala	15856	24866	49733082
Scala	15872	27285	54571195
Scala	15888	24942	49885939
Scala	15904	25283	50566277
Scala	15920	25198	50397693
Scala	15936	25368	50737411
Scala	15952	25290	50580418
Scala	15968	25044	50089220
Scala	15984	25304	50609083
Scala	16000	25739	51479447
