Scala	16	59	118912
Scala	32	105	211405
Scala	48	174	348130
Scala	64	217	434539
Scala	80	372	744801
Scala	96	409	818066
Scala	112	413	826722
Scala	128	463	926230
Scala	144	515	1030474
Scala	160	566	1132528
Scala	176	462	925476
Scala	192	401	802752
Scala	208	469	938236
Scala	224	482	965190
Scala	240	594	1188750
Scala	256	480	961151
Scala	272	517	1035222
Scala	288	564	1129502
Scala	304	532	1064954
Scala	320	535	1070160
Scala	336	547	1094862
Scala	352	571	1142452
Scala	368	597	1195067
Scala	384	622	1244134
Scala	400	691	1383431
Scala	416	671	1343270
Scala	432	767	1534707
Scala	448	720	1440599
Scala	464	744	1489589
Scala	480	829	1659894
Scala	496	806	1612746
Scala	512	1183	2366816
Scala	528	879	1759249
Scala	544	870	1740253
Scala	560	936	1872538
Scala	576	918	1837044
Scala	592	958	1917934
Scala	608	967	1935200
Scala	624	994	1988191
Scala	640	1091	2182767
Scala	656	1042	2085034
Scala	672	1067	2134169
Scala	688	1137	2274587
Scala	704	1115	2231894
Scala	720	1143	2287028
Scala	736	1166	2332081
Scala	752	1190	2381912
Scala	768	1254	2508780
Scala	784	1240	2481229
Scala	800	1310	2621722
Scala	816	1292	2584784
Scala	832	1384	2769685
Scala	848	1417	2834665
Scala	864	1433	2867319
Scala	880	1390	2780993
Scala	896	1416	2832925
Scala	912	1440	2880523
Scala	928	1462	2925743
Scala	944	1488	2977039
Scala	960	1513	3026242
Scala	976	1560	3120567
Scala	992	1567	3135410
Scala	1008	1587	3174656
Scala	1024	1682	3365824
Scala	1040	1639	3279162
Scala	1056	1853	3706577
Scala	1072	1821	3642520
Scala	1088	1753	3507780
Scala	1104	1768	3537450
Scala	1120	1762	3524331
Scala	1136	1834	3669310
Scala	1152	2006	4012152
Scala	1168	2038	4076089
Scala	1184	1862	3725970
Scala	1200	1961	3922515
Scala	1216	1911	3822258
Scala	1232	1967	3935407
Scala	1248	2020	4040008
Scala	1264	2045	4090995
Scala	1280	2124	4248103
Scala	1296	2116	4232091
Scala	1312	2150	4300522
Scala	1328	2181	4363197
Scala	1344	2567	5135986
Scala	1360	2134	4269844
Scala	1376	2193	4387668
Scala	1392	2226	4452760
Scala	1408	2208	4417994
Scala	1424	2297	4594717
Scala	1440	2338	4677020
Scala	1456	2282	4565802
Scala	1472	2304	4609447
Scala	1488	3093	6186995
Scala	1504	2395	4791259
Scala	1520	2477	4954476
Scala	1536	2550	5101930
Scala	1552	2472	4945218
Scala	1568	2533	5067929
Scala	1584	2480	4961614
Scala	1600	2514	5029505
Scala	1616	2572	5145501
Scala	1632	2602	5205274
Scala	1648	2909	5818465
Scala	1664	2883	5767485
Scala	1680	2704	5409611
Scala	1696	2690	5380327
Scala	1712	2721	5443232
Scala	1728	2702	5405465
Scala	1744	2731	5463667
Scala	1760	2798	5596635
Scala	1776	3100	6200529
Scala	1792	2929	5858569
Scala	1808	2827	5654637
Scala	1824	2849	5699209
Scala	1840	2878	5756564
Scala	1856	2970	5940545
Scala	1872	2992	5985744
Scala	1888	2992	5984145
Scala	1904	3029	6058131
Scala	1920	3054	6108885
Scala	1936	3025	6050922
Scala	1952	3051	6102337
Scala	1968	3562	7124075
Scala	1984	3265	6530822
Scala	2000	3271	6543686
Scala	2016	3246	6492458
Scala	2032	3214	6428076
Scala	2048	3288	6576853
Scala	2064	3275	6550467
Scala	2080	3285	6570224
Scala	2096	3316	6632808
Scala	2112	3338	6676203
Scala	2128	3369	6739236
Scala	2144	3378	6757391
Scala	2160	3370	6741265
Scala	2176	3398	6796171
Scala	2192	3420	6840511
Scala	2208	3466	6933365
Scala	2224	3470	6941156
Scala	2240	3510	7020936
Scala	2256	3525	7050237
Scala	2272	3548	7096416
Scala	2288	3613	7227166
Scala	2304	3642	7284169
Scala	2320	3691	7382336
Scala	2336	3684	7368587
Scala	2352	4066	8133005
Scala	2368	3694	7389859
Scala	2384	3717	7434722
Scala	2400	3791	7582765
Scala	2416	3773	7546029
Scala	2432	4314	8629457
Scala	2448	3882	7764803
Scala	2464	3904	7808980
Scala	2480	4038	8076451
Scala	2496	4094	8189677
Scala	2512	3965	7930053
Scala	2528	4161	8323966
Scala	2544	3967	7934445
Scala	2560	3991	7982538
Scala	2576	4051	8103652
Scala	2592	4108	8217486
Scala	2608	4207	8414774
Scala	2624	4135	8270618
Scala	2640	6041	12083355
Scala	2656	4542	9085967
Scala	2672	4419	8838303
Scala	2688	4233	8467089
Scala	2704	4284	8568658
Scala	2720	4241	8482115
Scala	2736	4412	8824257
Scala	2752	4519	9039814
Scala	2768	4375	8751160
Scala	2784	4392	8785551
Scala	2800	4410	8821948
Scala	2816	4780	9561941
Scala	2832	4511	9023254
Scala	2848	4476	8953419
Scala	2864	4510	9020006
Scala	2880	4526	9052285
Scala	2896	4561	9123495
Scala	2912	4582	9164468
Scala	2928	4605	9211206
Scala	2944	4616	9233427
Scala	2960	4653	9307174
Scala	2976	5119	10238419
Scala	2992	4664	9328752
Scala	3008	4749	9498317
Scala	3024	4799	9599503
Scala	3040	4835	9671379
Scala	3056	4906	9813170
Scala	3072	5006	10013228
Scala	3088	4895	9791555
Scala	3104	4904	9808032
Scala	3120	4914	9829016
Scala	3136	5981	11963989
Scala	3152	6168	12337653
Scala	3168	5088	10176338
Scala	3184	5064	10129856
Scala	3200	5083	10166613
Scala	3216	5056	10113011
Scala	3232	5284	10568883
Scala	3248	5243	10487290
Scala	3264	5175	10351976
Scala	3280	5146	10292904
Scala	3296	5204	10408973
Scala	3312	5278	10556567
Scala	3328	5268	10536593
Scala	3344	5258	10516495
Scala	3360	5291	10583715
Scala	3376	5447	10894229
Scala	3392	5319	10639931
Scala	3408	5373	10746679
Scala	3424	5534	11069141
Scala	3440	5443	10886645
Scala	3456	5525	11051577
Scala	3472	5529	11059334
Scala	3488	5466	10932043
Scala	3504	5532	11065540
Scala	3520	5762	11525837
Scala	3536	5572	11144717
Scala	3552	5682	11365677
Scala	3568	5650	11300568
Scala	3584	6091	12183835
Scala	3600	5673	11346210
Scala	3616	5668	11336374
Scala	3632	5727	11454668
Scala	3648	5676	11353243
Scala	3664	5769	11539930
Scala	3680	5796	11592342
Scala	3696	5819	11639689
Scala	3712	5862	11724862
Scala	3728	5832	11664898
Scala	3744	5866	11732780
Scala	3760	5902	11804211
Scala	3776	5973	11947508
Scala	3792	5959	11919949
Scala	3808	5991	11983697
Scala	3824	5988	11977701
Scala	3840	6061	12123404
Scala	3856	6066	12133436
Scala	3872	6062	12124219
Scala	3888	6158	12316860
Scala	3904	6145	12290381
Scala	3920	6137	12274981
Scala	3936	6196	12393923
Scala	3952	6219	12439483
Scala	3968	6286	12572857
Scala	3984	6286	12573876
Scala	4000	6359	12719051
Scala	4016	6408	12817150
Scala	4032	6620	13240073
Scala	4048	6646	13293653
Scala	4064	6453	12907963
Scala	4080	6391	12783014
Scala	4096	6484	12969222
Scala	4112	6481	12962837
Scala	4128	6493	12987348
Scala	4144	6514	13028704
Scala	4160	6555	13110341
Scala	4176	6574	13148586
Scala	4192	6561	13122070
Scala	4208	6641	13282726
Scala	4224	6648	13296861
Scala	4240	6835	13671046
Scala	4256	6670	13341408
Scala	4272	6722	13444579
Scala	4288	6737	13475028
Scala	4304	6748	13496163
Scala	4320	6806	13613217
Scala	4336	6824	13649281
Scala	4352	6849	13698544
Scala	4368	6897	13795550
Scala	4384	6942	13884318
Scala	4400	6911	13822274
Scala	4416	6913	13827626
Scala	4432	6935	13871499
Scala	4448	7051	14103598
Scala	4464	7060	14120174
Scala	4480	7069	14138223
Scala	4496	7035	14071235
Scala	4512	7088	14177560
Scala	4528	7103	14207321
Scala	4544	9574	19149464
Scala	4560	7170	14340646
Scala	4576	7128	14257402
Scala	4592	7227	14454392
Scala	4608	7535	15071095
Scala	4624	7558	15116362
Scala	4640	7328	14657711
Scala	4656	7325	14650432
Scala	4672	7418	14837515
Scala	4688	7378	14757630
Scala	4704	7407	14814735
Scala	4720	7381	14763825
Scala	4736	7397	14794992
Scala	4752	10721	21442435
Scala	4768	7549	15099167
Scala	4784	7545	15091692
Scala	4800	7620	15240017
Scala	4816	7617	15234816
Scala	4832	7616	15232624
Scala	4848	7650	15301157
Scala	4864	7722	15445075
Scala	4880	7763	15527873
Scala	4896	7701	15403782
Scala	4912	7698	15396053
Scala	4928	7767	15534738
Scala	4944	7830	15660674
Scala	4960	13891	27782537
Scala	4976	13470	26940062
Scala	4992	9132	18265612
Scala	5008	8565	17130354
Scala	5024	7998	15997538
Scala	5040	8333	16666752
Scala	5056	8314	16628837
Scala	5072	8117	16235066
Scala	5088	8117	16234872
Scala	5104	8209	16419656
Scala	5120	8158	16316941
Scala	5136	12362	24725861
Scala	5152	8293	16586478
Scala	5168	9086	18172045
Scala	5184	8389	16779297
Scala	5200	8624	17249001
Scala	5216	8257	16515015
Scala	5232	8553	17107887
Scala	5248	9152	18305632
Scala	5264	8519	17038635
Scala	5280	8915	17830219
Scala	5296	8337	16675398
Scala	5312	8542	17084508
Scala	5328	8583	17166006
Scala	5344	8459	16918868
Scala	5360	8727	17454362
Scala	5376	8588	17176586
Scala	5392	8464	16929504
Scala	5408	8965	17931921
Scala	5424	8778	17557449
Scala	5440	8584	17169830
Scala	5456	8609	17218231
Scala	5472	8861	17723486
Scala	5488	11956	23913938
Scala	5504	8737	17474763
Scala	5520	8727	17455702
Scala	5536	8693	17386277
Scala	5552	8749	17499299
Scala	5568	11259	22519224
Scala	5584	8865	17731923
Scala	5600	8871	17742456
Scala	5616	9368	18737267
Scala	5632	9080	18160061
Scala	5648	8900	17801327
Scala	5664	8875	17751844
Scala	5680	9003	18006031
Scala	5696	9382	18764067
Scala	5712	9046	18093617
Scala	5728	9716	19432326
Scala	5744	9156	18313646
Scala	5760	9073	18147480
Scala	5776	9266	18533715
Scala	5792	9118	18237514
Scala	5808	9239	18479208
Scala	5824	9669	19339207
Scala	5840	9214	18429914
Scala	5856	9527	19055322
Scala	5872	11504	23008354
Scala	5888	9413	18826880
Scala	5904	9422	18845599
Scala	5920	9875	19750009
Scala	5936	9458	18916560
Scala	5952	9491	18983779
Scala	5968	9818	19637767
Scala	5984	9574	19148743
Scala	6000	9463	18926357
Scala	6016	9764	19529937
Scala	6032	9960	19921976
Scala	6048	9700	19401859
Scala	6064	9682	19365649
Scala	6080	10415	20831803
Scala	6096	10232	20465325
Scala	6112	10657	21314509
Scala	6128	10376	20753364
Scala	6144	9867	19735985
Scala	6160	10290	20580676
Scala	6176	10465	20931778
Scala	6192	9997	19994107
Scala	6208	10219	20439004
Scala	6224	10030	20061746
Scala	6240	10950	21901346
Scala	6256	10160	20321100
Scala	6272	10262	20525942
Scala	6288	10213	20427876
Scala	6304	10534	21068607
Scala	6320	10322	20645733
Scala	6336	10127	20254434
Scala	6352	9974	19948597
Scala	6368	10005	20011659
Scala	6384	10100	20200069
Scala	6400	10168	20336071
Scala	6416	10195	20391004
Scala	6432	10427	20855545
Scala	6448	10747	21495517
Scala	6464	10174	20348572
Scala	6480	10144	20288314
Scala	6496	10294	20588886
Scala	6512	10399	20798247
Scala	6528	10271	20542219
Scala	6544	10790	21580330
Scala	6560	10294	20589688
Scala	6576	11538	23077716
Scala	6592	10827	21654090
Scala	6608	15543	31086339
Scala	6624	11245	22490160
Scala	6640	10544	21089720
Scala	6656	10539	21079237
Scala	6672	10465	20930853
Scala	6688	10573	21146787
Scala	6704	10548	21096565
Scala	6720	10590	21181026
Scala	6736	10689	21378792
Scala	6752	10815	21630615
Scala	6768	10725	21450636
Scala	6784	10687	21375545
Scala	6800	11191	22383839
Scala	6816	10692	21385918
Scala	6832	10796	21593041
Scala	6848	10746	21492773
Scala	6864	11544	23089997
Scala	6880	12269	24539449
Scala	6896	10805	21611245
Scala	6912	12871	25742214
Scala	6928	11472	22945226
Scala	6944	11119	22238207
Scala	6960	10920	21840292
Scala	6976	11745	23490928
Scala	6992	11424	22849423
Scala	7008	10996	21992229
Scala	7024	11318	22636241
Scala	7040	11161	22322979
Scala	7056	11131	22262614
Scala	7072	11172	22345986
Scala	7088	11127	22254481
Scala	7104	11230	22460467
Scala	7120	11460	22921112
Scala	7136	11655	23311606
Scala	7152	11385	22770143
Scala	7168	11540	23080007
Scala	7184	11389	22778796
Scala	7200	12812	25624089
Scala	7216	11362	22725648
Scala	7232	11414	22829783
Scala	7248	11443	22887039
Scala	7264	11604	23208405
Scala	7280	11593	23186289
Scala	7296	11624	23248008
Scala	7312	11613	23226187
Scala	7328	11692	23384849
Scala	7344	11717	23434220
Scala	7360	11832	23665934
Scala	7376	11807	23615643
Scala	7392	11702	23405795
Scala	7408	11903	23807481
Scala	7424	11722	23444382
Scala	7440	12120	24240039
Scala	7456	13748	27497597
Scala	7472	12338	24676996
Scala	7488	12249	24498436
Scala	7504	11765	23531545
Scala	7520	11789	23579718
Scala	7536	12702	25405153
Scala	7552	11977	23954893
Scala	7568	12549	25098889
Scala	7584	12041	24082915
Scala	7600	11968	23936637
Scala	7616	12151	24302120
Scala	7632	12169	24338094
Scala	7648	13655	27310219
Scala	7664	12045	24091080
Scala	7680	12067	24135444
Scala	7696	12125	24250013
Scala	7712	12113	24227255
Scala	7728	12200	24401684
Scala	7744	12177	24355885
Scala	7760	12153	24307281
Scala	7776	12185	24371253
Scala	7792	12465	24931831
Scala	7808	12238	24477832
Scala	7824	12306	24612388
Scala	7840	12324	24648363
Scala	7856	13225	26451714
Scala	7872	12686	25373779
Scala	7888	12354	24708626
Scala	7904	12380	24760269
Scala	7920	12406	24812468
Scala	7936	12429	24859848
Scala	7952	14003	28006833
Scala	7968	12490	24980405
Scala	7984	12592	25184013
Scala	8000	12565	25130322
Scala	8016	12593	25187998
Scala	8032	12616	25233645
Scala	8048	12767	25535904
Scala	8064	12808	25616335
Scala	8080	12916	25833594
Scala	8096	12748	25496039
Scala	8112	12841	25683182
Scala	8128	12865	25730565
Scala	8144	13059	26119128
Scala	8160	13316	26632216
Scala	8176	12954	25909588
Scala	8192	15201	30403254
Scala	8208	13435	26871951
Scala	8224	13193	26387552
Scala	8240	12935	25871263
Scala	8256	12961	25923200
Scala	8272	12946	25893757
Scala	8288	12973	25947596
Scala	8304	13032	26064783
Scala	8320	15924	31849287
Scala	8336	13167	26335926
Scala	8352	13178	26357284
Scala	8368	13097	26195758
Scala	8384	13172	26345099
Scala	8400	13278	26557300
Scala	8416	13281	26562215
Scala	8432	13439	26878149
Scala	8448	13456	26913595
Scala	8464	13362	26725596
Scala	8480	13399	26798699
Scala	8496	13490	26980676
Scala	8512	13460	26920079
Scala	8528	13430	26860059
Scala	8544	13936	27873046
Scala	8560	13514	27028893
Scala	8576	13725	27450404
Scala	8592	13642	27285255
Scala	8608	13655	27310151
Scala	8624	15014	30029554
Scala	8640	13760	27520451
Scala	8656	13869	27739323
Scala	8672	13820	27640078
Scala	8688	13645	27290605
Scala	8704	13655	27310855
Scala	8720	13759	27519618
Scala	8736	13703	27407997
Scala	8752	13764	27529632
Scala	8768	13717	27435042
Scala	8784	13814	27628675
Scala	8800	13805	27610131
Scala	8816	13830	27661754
Scala	8832	13899	27798633
Scala	8848	14757	29515516
Scala	8864	13925	27850915
Scala	8880	13927	27855500
Scala	8896	13951	27902451
Scala	8912	14342	28684796
Scala	8928	14110	28221223
Scala	8944	14059	28118425
Scala	8960	14053	28106449
Scala	8976	15947	31895625
Scala	8992	14159	28319509
Scala	9008	14185	28371568
Scala	9024	14226	28452234
Scala	9040	14211	28423405
Scala	9056	16434	32868342
Scala	9072	14186	28372314
Scala	9088	15586	31173712
Scala	9104	17567	35134929
Scala	9120	14758	29516623
Scala	9136	14588	29176012
Scala	9152	14640	29280122
Scala	9168	14665	29330437
Scala	9184	14408	28816326
Scala	9200	16877	33754855
Scala	9216	14446	28893610
Scala	9232	14567	29135329
Scala	9248	14639	29278157
Scala	9264	15395	30791097
Scala	9280	14540	29080691
Scala	9296	14578	29156462
Scala	9312	14589	29179841
Scala	9328	14626	29252816
Scala	9344	14631	29263817
Scala	9360	14686	29372244
Scala	9376	14682	29364733
Scala	9392	14749	29498444
Scala	9408	14770	29540338
Scala	9424	14804	29609400
Scala	9440	14800	29600215
Scala	9456	15535	31071381
Scala	9472	14861	29723286
Scala	9488	14902	29805583
Scala	9504	14883	29767596
Scala	9520	14938	29876793
Scala	9536	17370	34740580
Scala	9552	15350	30701077
Scala	9568	15100	30200278
Scala	9584	15055	30110235
Scala	9600	15110	30220487
Scala	9616	15059	30118625
Scala	9632	15111	30222935
Scala	9648	15150	30300798
Scala	9664	15187	30374049
Scala	9680	15367	30734731
Scala	9696	15229	30458617
Scala	9712	15298	30597799
Scala	9728	15305	30610474
Scala	9744	15252	30504103
Scala	9760	15288	30576701
Scala	9776	15358	30716052
Scala	9792	15344	30688706
Scala	9808	15404	30809736
Scala	9824	15395	30790246
Scala	9840	15457	30915581
Scala	9856	15449	30899957
Scala	9872	15509	31018755
Scala	9888	15607	31214382
Scala	9904	15603	31206400
Scala	9920	15549	31098794
Scala	9936	15567	31135318
Scala	9952	15638	31277751
Scala	9968	15660	31321330
Scala	9984	15645	31291140
Scala	10000	15670	31341080
Scala	10016	15717	31435758
Scala	10032	15703	31407200
Scala	10048	15828	31656403
Scala	10064	15799	31599215
Scala	10080	15818	31636470
Scala	10096	15875	31751052
Scala	10112	16065	32130149
Scala	10128	16149	32298068
Scala	10144	15983	31966979
Scala	10160	16304	32609963
Scala	10176	16173	32346734
Scala	10192	16405	32810206
Scala	10208	18599	37198975
Scala	10224	16067	32135994
Scala	10240	16134	32269581
Scala	10256	16386	32773062
Scala	10272	19765	39531532
Scala	10288	16193	32387843
Scala	10304	16448	32896915
Scala	10320	16650	33300954
Scala	10336	16749	33499422
Scala	10352	16453	32907609
Scala	10368	16660	33321055
Scala	10384	16624	33248832
Scala	10400	16399	32798991
Scala	10416	16509	33018669
Scala	10432	16468	32936408
Scala	10448	16588	33177358
Scala	10464	16614	33229106
Scala	10480	16603	33206484
Scala	10496	16488	32976606
Scala	10512	16503	33006073
Scala	10528	17513	35027238
Scala	10544	16581	33162501
Scala	10560	16656	33313729
Scala	10576	16617	33235491
Scala	10592	17602	35204787
Scala	10608	16699	33399187
Scala	10624	16669	33338017
Scala	10640	16707	33414591
Scala	10656	16832	33665706
Scala	10672	16905	33811707
Scala	10688	19354	38708660
Scala	10704	16964	33928971
Scala	10720	17195	34390996
Scala	10736	19811	39623846
Scala	10752	17052	34104150
Scala	10768	16957	33915835
Scala	10784	17095	34190176
Scala	10800	17054	34108455
Scala	10816	17158	34317187
Scala	10832	17112	34225978
Scala	10848	19067	38135902
Scala	10864	17411	34823583
Scala	10880	17431	34862782
Scala	10896	19609	39219856
Scala	10912	17456	34913587
Scala	10928	17311	34622791
Scala	10944	17338	34677445
Scala	10960	17339	34678669
Scala	10976	17348	34697181
Scala	10992	17701	35402411
Scala	11008	17748	35496855
Scala	11024	18540	37081381
Scala	11040	17843	35687609
Scala	11056	17781	35563386
Scala	11072	17879	35758011
Scala	11088	18417	36834455
Scala	11104	17446	34892722
Scala	11120	17500	35001536
Scala	11136	17460	34920250
Scala	11152	17472	34944864
Scala	11168	17480	34960914
Scala	11184	17559	35119891
Scala	11200	17760	35520944
Scala	11216	18014	36028812
Scala	11232	17614	35229400
Scala	11248	17760	35520023
Scala	11264	17704	35408603
Scala	11280	19874	39748070
Scala	11296	17992	35984297
Scala	11312	18331	36662808
Scala	11328	18076	36153915
Scala	11344	17957	35915057
Scala	11360	18022	36045143
Scala	11376	18126	36253122
Scala	11392	17960	35920174
Scala	11408	18187	36375735
Scala	11424	18144	36289968
Scala	11440	18007	36014339
Scala	11456	18138	36277717
Scala	11472	20203	40407334
Scala	11488	18124	36248217
Scala	11504	18142	36284289
Scala	11520	18147	36294080
Scala	11536	20664	41329390
Scala	11552	18297	36595237
Scala	11568	18558	37116902
Scala	11584	18335	36671559
Scala	11600	18776	37552350
Scala	11616	22018	44037296
Scala	11632	18605	37211311
Scala	11648	18691	37382660
Scala	11664	18741	37483425
Scala	11680	19008	38017884
Scala	11696	18805	37611951
Scala	11712	18790	37581452
Scala	11728	18780	37561438
Scala	11744	18968	37936606
Scala	11760	21082	42165698
Scala	11776	18449	36899468
Scala	11792	18420	36840110
Scala	11808	18693	37386057
Scala	11824	18554	37109179
Scala	11840	18892	37785928
Scala	11856	18629	37258541
Scala	11872	18572	37145211
Scala	11888	18729	37458863
Scala	11904	18754	37509074
Scala	11920	18652	37304450
Scala	11936	21619	43239192
Scala	11952	25288	50577288
Scala	11968	18893	37787274
Scala	11984	19022	38045137
Scala	12000	19005	38010152
Scala	12016	19270	38540653
Scala	12032	19010	38021710
Scala	12048	19572	39145927
Scala	12064	19126	38253258
Scala	12080	19411	38822017
Scala	12096	18944	37888910
Scala	12112	19008	38016510
Scala	12128	19136	38273299
Scala	12144	19035	38071856
Scala	12160	21362	42725619
Scala	12176	19516	39033514
Scala	12192	21448	42896740
Scala	12208	19263	38527446
Scala	12224	19585	39171874
Scala	12240	19861	39723546
Scala	12256	21550	43100203
Scala	12272	19356	38713988
Scala	12288	21429	42859627
Scala	12304	19960	39921100
Scala	12320	19731	39463968
Scala	12336	20239	40478372
Scala	12352	20039	40079033
Scala	12368	19437	38875842
Scala	12384	19434	38869492
Scala	12400	19712	39425749
Scala	12416	19494	38988839
Scala	12432	20345	40691278
Scala	12448	19553	39107453
Scala	12464	19998	39996260
Scala	12480	22086	44172238
Scala	12496	19640	39281172
Scala	12512	19740	39481761
Scala	12528	22276	44553481
Scala	12544	19702	39404955
Scala	12560	20139	40278091
Scala	12576	19718	39437180
Scala	12592	22584	45168067
Scala	12608	20164	40328333
Scala	12624	19787	39574954
Scala	12640	20659	41318650
Scala	12656	20039	40078337
Scala	12672	20381	40762601
Scala	12688	19906	39813387
Scala	12704	19931	39863009
Scala	12720	19999	39998281
Scala	12736	19975	39951418
Scala	12752	21302	42604000
Scala	12768	21270	42541434
Scala	12784	20204	40408814
Scala	12800	20811	41622425
Scala	12816	21048	42096256
Scala	12832	20075	40151042
Scala	12848	20494	40988077
Scala	12864	20167	40334252
Scala	12880	20197	40395157
Scala	12896	22569	45139215
Scala	12912	20286	40572985
Scala	12928	20219	40439661
Scala	12944	20248	40497190
Scala	12960	20310	40620822
Scala	12976	22269	44539261
Scala	12992	22993	45987549
Scala	13008	20389	40778944
Scala	13024	20393	40786865
Scala	13040	20399	40798990
Scala	13056	22959	45918133
Scala	13072	20514	41028389
Scala	13088	20581	41162264
Scala	13104	22924	45849541
Scala	13120	20889	41779539
Scala	13136	20556	41113613
Scala	13152	20623	41246400
Scala	13168	21563	43126479
Scala	13184	21958	43916035
Scala	13200	20755	41511576
Scala	13216	20780	41561561
Scala	13232	21100	42201305
Scala	13248	24796	49593092
Scala	13264	21097	42194117
Scala	13280	21090	42180141
Scala	13296	23384	46768286
Scala	13312	20827	41655524
Scala	13328	20904	41809634
Scala	13344	21071	42142125
Scala	13360	24104	48209488
Scala	13376	22313	44626547
Scala	13392	20881	41762356
Scala	13408	20936	41872159
Scala	13424	22105	44210860
Scala	13440	22363	44727217
Scala	13456	21148	42296434
Scala	13472	21113	42226036
Scala	13488	21158	42317814
Scala	13504	21115	42230576
Scala	13520	21143	42286801
Scala	13536	21222	42445273
Scala	13552	21524	43049861
Scala	13568	21263	42527372
Scala	13584	21285	42571297
Scala	13600	22600	45200701
Scala	13616	21336	42673720
Scala	13632	22678	45356949
Scala	13648	21400	42800246
Scala	13664	21409	42818066
Scala	13680	21506	43013628
Scala	13696	21813	43627917
Scala	13712	21441	42882457
Scala	13728	21486	42973596
Scala	13744	21567	43134529
Scala	13760	21579	43158945
Scala	13776	21584	43169639
Scala	13792	21623	43246653
Scala	13808	21611	43223226
Scala	13824	21696	43393620
Scala	13840	22222	44444388
Scala	13856	21732	43464420
Scala	13872	21707	43415430
Scala	13888	24227	48455980
Scala	13904	21848	43696908
Scala	13920	21830	43661322
Scala	13936	21793	43586507
Scala	13952	23221	46443304
Scala	13968	22954	45908117
Scala	13984	21922	43845806
Scala	14000	21995	43990457
Scala	14016	22043	44087380
Scala	14032	21985	43970585
Scala	14048	22062	44124041
Scala	14064	22036	44072323
Scala	14080	22187	44374197
Scala	14096	22037	44074585
Scala	14112	22118	44237220
Scala	14128	22204	44409697
Scala	14144	22245	44490834
Scala	14160	22136	44272182
Scala	14176	22174	44349826
Scala	14192	24709	49418331
Scala	14208	22662	45324650
Scala	14224	22716	45432629
Scala	14240	22357	44715454
Scala	14256	27428	54856978
Scala	14272	23149	46298250
Scala	14288	23171	46342010
Scala	14304	23010	46020627
Scala	14320	22584	45168112
Scala	14336	22635	45271064
Scala	14352	23070	46141662
Scala	14368	22932	45864469
Scala	14384	22552	45105751
Scala	14400	25041	50082659
Scala	14416	22635	45271639
Scala	14432	22678	45356064
Scala	14448	23671	47343527
Scala	14464	22718	45436916
Scala	14480	22679	45358548
Scala	14496	22691	45383401
Scala	14512	22762	45525043
Scala	14528	22743	45487933
Scala	14544	23051	46103111
Scala	14560	25559	51118309
Scala	14576	22840	45680615
Scala	14592	22803	45607685
Scala	14608	22948	45897898
Scala	14624	22923	45847610
Scala	14640	23059	46118791
Scala	14656	23050	46101928
Scala	14672	22973	45947586
Scala	14688	25065	50131412
Scala	14704	22998	45996276
Scala	14720	23065	46130121
Scala	14736	23068	46136718
Scala	14752	23096	46192910
Scala	14768	23122	46244842
Scala	14784	23238	46477826
Scala	14800	23146	46293871
Scala	14816	25685	51371664
Scala	14832	23208	46416246
Scala	14848	23300	46600511
Scala	14864	23292	46585392
Scala	14880	23312	46624873
Scala	14896	23378	46757173
Scala	14912	23506	47013387
Scala	14928	23982	47965716
Scala	14944	23364	46729690
Scala	14960	23380	46760614
Scala	14976	23539	47078105
Scala	14992	23586	47173850
Scala	15008	23445	46890766
Scala	15024	23486	46973799
Scala	15040	23577	47155009
Scala	15056	23652	47304986
Scala	15072	23623	47246636
Scala	15088	23621	47242636
Scala	15104	23706	47412765
Scala	15120	23707	47414919
Scala	15136	25126	50253350
Scala	15152	23755	47511836
Scala	15168	26146	52292807
Scala	15184	23829	47659899
Scala	15200	26286	52573721
Scala	15216	24078	48156686
Scala	15232	23873	47746005
Scala	15248	23939	47878441
Scala	15264	23943	47887124
Scala	15280	23926	47852701
Scala	15296	26522	53045111
Scala	15312	25351	50702710
Scala	15328	25167	50334104
Scala	15344	24092	48184095
Scala	15360	24078	48157943
Scala	15376	24118	48237975
Scala	15392	24308	48617067
Scala	15408	26595	53190473
Scala	15424	26670	53341579
Scala	15440	24226	48452854
Scala	15456	24268	48537867
Scala	15472	24410	48820040
Scala	15488	24275	48551862
Scala	15504	24287	48574325
Scala	15520	24293	48587641
Scala	15536	24381	48762896
Scala	15552	24367	48735033
Scala	15568	24373	48747757
Scala	15584	24426	48853694
Scala	15600	24803	49606809
Scala	15616	24560	49120665
Scala	15632	24542	49085002
Scala	15648	24574	49148400
Scala	15664	24862	49725871
Scala	15680	24537	49074209
Scala	15696	24604	49209974
Scala	15712	24634	49269299
Scala	15728	24625	49250130
Scala	15744	24632	49265266
Scala	15760	24686	49373417
Scala	15776	24707	49414878
Scala	15792	24710	49420779
Scala	15808	24773	49547127
Scala	15824	24780	49560136
Scala	15840	24843	49687652
Scala	15856	24863	49726444
Scala	15872	24968	49937791
Scala	15888	24898	49797812
Scala	15904	24976	49952674
Scala	15920	25042	50085339
Scala	15936	26580	53160043
Scala	15952	27430	54861031
Scala	15968	26072	52145252
Scala	15984	25147	50294593
Scala	16000	25036	50073020
