AVX2	16	2	5928
AVX2	32	4	8558
AVX2	48	5	11910
AVX2	64	11	23649
AVX2	80	14	28860
AVX2	96	14	29708
AVX2	112	16	32528
AVX2	128	18	36548
AVX2	144	18	36952
AVX2	160	20	40947
AVX2	176	22	44882
AVX2	192	22	44048
AVX2	208	23	47433
AVX2	224	25	51094
AVX2	240	38	76996
AVX2	256	39	78476
AVX2	272	36	73532
AVX2	288	38	77752
AVX2	304	35	71056
AVX2	320	38	77388
AVX2	336	37	75822
AVX2	352	39	79248
AVX2	368	41	82870
AVX2	384	62	125460
AVX2	400	49	99898
AVX2	416	51	103558
AVX2	432	57	115432
AVX2	448	55	111292
AVX2	464	57	115290
AVX2	480	64	128308
AVX2	496	61	123561
AVX2	512	70	140070
AVX2	528	59	118179
AVX2	544	60	121737
AVX2	560	81	162890
AVX2	576	64	128794
AVX2	592	66	132297
AVX2	608	67	135937
AVX2	624	104	209640
AVX2	640	85	171344
AVX2	656	75	151577
AVX2	672	89	179029
AVX2	688	77	155465
AVX2	704	92	185420
AVX2	720	80	161333
AVX2	736	82	164329
AVX2	752	83	167746
AVX2	768	99	198875
AVX2	784	101	203097
AVX2	800	103	206411
AVX2	816	104	209539
AVX2	832	106	213259
AVX2	848	108	216759
AVX2	864	110	220572
AVX2	880	112	224666
AVX2	896	113	227166
AVX2	912	115	231605
AVX2	928	117	234624
AVX2	944	119	238769
AVX2	960	120	241676
AVX2	976	122	245496
AVX2	992	132	264876
AVX2	1008	133	266704
AVX2	1024	133	267319
AVX2	1040	136	272926
AVX2	1056	138	276037
AVX2	1072	136	272118
AVX2	1088	150	300112
AVX2	1104	151	302429
AVX2	1120	138	276435
AVX2	1136	168	337408
AVX2	1152	209	419096
AVX2	1168	143	287563
AVX2	1184	161	322415
AVX2	1200	147	294451
AVX2	1216	149	298578
AVX2	1232	151	302601
AVX2	1248	153	306910
AVX2	1264	154	308101
AVX2	1280	156	312662
AVX2	1296	158	316000
AVX2	1312	159	318766
AVX2	1328	161	322762
AVX2	1344	163	326239
AVX2	1360	227	455913
AVX2	1376	166	332696
AVX2	1392	168	337141
AVX2	1408	170	341155
AVX2	1424	172	344154
AVX2	1440	173	347080
AVX2	1456	175	351009
AVX2	1472	177	354129
AVX2	1488	179	358188
AVX2	1504	180	361201
AVX2	1520	182	364936
AVX2	1536	248	496744
AVX2	1552	185	371880
AVX2	1568	286	572620
AVX2	1584	247	495044
AVX2	1600	203	407601
AVX2	1616	193	386975
AVX2	1632	195	390084
AVX2	1648	196	392695
AVX2	1664	198	396906
AVX2	1680	200	400638
AVX2	1696	201	403442
AVX2	1712	204	408568
AVX2	1728	205	410937
AVX2	1744	207	415364
AVX2	1760	209	418828
AVX2	1776	210	420567
AVX2	1792	212	424834
AVX2	1808	215	430174
AVX2	1824	215	431859
AVX2	1840	217	435932
AVX2	1856	220	440116
AVX2	1872	221	443109
AVX2	1888	223	446683
AVX2	1904	225	451704
AVX2	1920	226	453636
AVX2	1936	228	457764
AVX2	1952	230	460940
AVX2	1968	287	575944
AVX2	1984	234	468015
AVX2	2000	235	470660
AVX2	2016	385	771464
AVX2	2032	321	643509
AVX2	2048	261	522659
AVX2	2064	263	527901
AVX2	2080	265	530955
AVX2	2096	263	527937
AVX2	2112	263	526992
AVX2	2128	266	532893
AVX2	2144	268	536735
AVX2	2160	270	541234
AVX2	2176	267	535553
AVX2	2192	263	526220
AVX2	2208	262	524237
AVX2	2224	261	523881
AVX2	2240	262	524719
AVX2	2256	264	528884
AVX2	2272	265	531835
AVX2	2288	267	535689
AVX2	2304	295	591418
AVX2	2320	271	542838
AVX2	2336	273	546062
AVX2	2352	273	547780
AVX2	2368	276	552350
AVX2	2384	278	556038
AVX2	2400	279	559749
AVX2	2416	281	562955
AVX2	2432	283	566307
AVX2	2448	284	569174
AVX2	2464	286	573997
AVX2	2480	429	858706
AVX2	2496	449	899829
AVX2	2512	341	682740
AVX2	2528	293	587707
AVX2	2544	398	796772
AVX2	2560	297	595658
AVX2	2576	344	688147
AVX2	2592	359	718504
AVX2	2608	303	606249
AVX2	2624	304	608816
AVX2	2640	306	613894
AVX2	2656	447	894587
AVX2	2672	343	687388
AVX2	2688	312	625531
AVX2	2704	454	909968
AVX2	2720	426	853284
AVX2	2736	318	636748
AVX2	2752	319	639338
AVX2	2768	404	809489
AVX2	2784	323	646631
AVX2	2800	325	650357
AVX2	2816	361	722779
AVX2	2832	328	657027
AVX2	2848	330	661140
AVX2	2864	332	664842
AVX2	2880	333	667603
AVX2	2896	349	698056
AVX2	2912	338	677290
AVX2	2928	339	679156
AVX2	2944	341	682811
AVX2	2960	343	686114
AVX2	2976	345	690260
AVX2	2992	414	829741
AVX2	3008	348	697109
AVX2	3024	509	1019664
AVX2	3040	474	949685
AVX2	3056	392	784464
AVX2	3072	376	752556
AVX2	3088	380	761946
AVX2	3104	432	864216
AVX2	3120	370	740290
AVX2	3136	363	727417
AVX2	3152	363	726422
AVX2	3168	405	810345
AVX2	3184	405	811532
AVX2	3200	368	736710
AVX2	3216	370	740691
AVX2	3232	372	745181
AVX2	3248	373	747537
AVX2	3264	441	882922
AVX2	3280	377	755447
AVX2	3296	397	794890
AVX2	3312	436	873488
AVX2	3328	416	832749
AVX2	3344	438	876693
AVX2	3360	386	773820
AVX2	3376	389	778250
AVX2	3392	432	865722
AVX2	3408	498	996797
AVX2	3424	394	789224
AVX2	3440	396	793223
AVX2	3456	398	796391
AVX2	3472	430	860749
AVX2	3488	401	803686
AVX2	3504	403	806814
AVX2	3520	404	809376
AVX2	3536	407	814712
AVX2	3552	408	817648
AVX2	3568	529	1059728
AVX2	3584	412	824241
AVX2	3600	468	936501
AVX2	3616	415	830934
AVX2	3632	497	995620
AVX2	3648	419	838775
AVX2	3664	420	840902
AVX2	3680	422	845862
AVX2	3696	424	849062
AVX2	3712	426	852910
AVX2	3728	427	855780
AVX2	3744	429	859608
AVX2	3760	430	861798
AVX2	3776	433	866953
AVX2	3792	434	868967
AVX2	3808	483	967601
AVX2	3824	485	970508
AVX2	3840	441	882036
AVX2	3856	442	884208
AVX2	3872	477	955379
AVX2	3888	445	891791
AVX2	3904	447	894267
AVX2	3920	449	898010
AVX2	3936	451	902164
AVX2	3952	453	906298
AVX2	3968	503	1007529
AVX2	3984	505	1011582
AVX2	4000	592	1185092
AVX2	4016	460	921105
AVX2	4032	462	925214
AVX2	4048	532	1064802
AVX2	4064	516	1032348
AVX2	4080	512	1024676
AVX2	4096	511	1023015
AVX2	4112	512	1025996
AVX2	4128	554	1109953
AVX2	4144	523	1047084
AVX2	4160	507	1014668
AVX2	4176	512	1024091
AVX2	4192	569	1139372
AVX2	4208	517	1034930
AVX2	4224	551	1102032
AVX2	4240	497	994876
AVX2	4256	527	1054263
AVX2	4272	797	1594355
AVX2	4288	528	1056429
AVX2	4304	491	983918
AVX2	4320	493	987542
AVX2	4336	495	990360
AVX2	4352	496	993438
AVX2	4368	498	997360
AVX2	4384	500	1001163
AVX2	4400	501	1003329
AVX2	4416	538	1076004
AVX2	4432	561	1122168
AVX2	4448	507	1015700
AVX2	4464	552	1104745
AVX2	4480	595	1191142
AVX2	4496	513	1027154
AVX2	4512	546	1093754
AVX2	4528	517	1034693
AVX2	4544	569	1139849
AVX2	4560	520	1040069
AVX2	4576	522	1045233
AVX2	4592	541	1083607
AVX2	4608	526	1052204
AVX2	4624	527	1054554
AVX2	4640	528	1056518
AVX2	4656	575	1150752
AVX2	4672	593	1187828
AVX2	4688	534	1068532
AVX2	4704	536	1073494
AVX2	4720	537	1074433
AVX2	4736	541	1082087
AVX2	4752	566	1133212
AVX2	4768	545	1091156
AVX2	4784	546	1092371
AVX2	4800	549	1099479
AVX2	4816	549	1099474
AVX2	4832	630	1260278
AVX2	4848	611	1223139
AVX2	4864	614	1229378
AVX2	4880	557	1114021
AVX2	4896	559	1118918
AVX2	4912	560	1120288
AVX2	4928	594	1188631
AVX2	4944	564	1128578
AVX2	4960	627	1255523
AVX2	4976	628	1256661
AVX2	4992	568	1137739
AVX2	5008	570	1141940
AVX2	5024	572	1145872
AVX2	5040	575	1150668
AVX2	5056	576	1152210
AVX2	5072	578	1156141
AVX2	5088	665	1330754
AVX2	5104	620	1240049
AVX2	5120	618	1237992
AVX2	5136	625	1250374
AVX2	5152	629	1259951
AVX2	5168	629	1259176
AVX2	5184	594	1189219
AVX2	5200	614	1228810
AVX2	5216	594	1189549
AVX2	5232	595	1190259
AVX2	5248	596	1192618
AVX2	5264	641	1283307
AVX2	5280	665	1331393
AVX2	5296	666	1333433
AVX2	5312	655	1311329
AVX2	5328	605	1211784
AVX2	5344	656	1313131
AVX2	5360	611	1222006
AVX2	5376	612	1225260
AVX2	5392	612	1225762
AVX2	5408	615	1231366
AVX2	5424	616	1233868
AVX2	5440	621	1242265
AVX2	5456	625	1251158
AVX2	5472	629	1259588
AVX2	5488	633	1267793
AVX2	5504	638	1277702
AVX2	5520	647	1294045
AVX2	5536	649	1299786
AVX2	5552	656	1312857
AVX2	5568	958	1917980
AVX2	5584	1085	2171683
AVX2	5600	1094	2189596
AVX2	5616	1099	2199605
AVX2	5632	679	1359922
AVX2	5648	706	1413812
AVX2	5664	740	1481058
AVX2	5680	722	1445900
AVX2	5696	761	1522700
AVX2	5712	799	1598281
AVX2	5728	829	1659238
AVX2	5744	861	1722879
AVX2	5760	869	1738069
AVX2	5776	969	1939288
AVX2	5792	1016	2033836
AVX2	5808	952	1904733
AVX2	5824	995	1990426
AVX2	5840	986	1973046
AVX2	5856	1011	2023073
AVX2	5872	1091	2183026
AVX2	5888	1039	2078425
AVX2	5904	1142	2284300
AVX2	5920	1174	2348358
AVX2	5936	1254	2509583
AVX2	5952	1123	2247811
AVX2	5968	1115	2230179
AVX2	5984	1124	2248643
AVX2	6000	1163	2327273
AVX2	6016	1105	2210758
AVX2	6032	1122	2244887
AVX2	6048	1124	2249490
AVX2	6064	1180	2361130
AVX2	6080	1268	2537164
AVX2	6096	1429	2859798
AVX2	6112	1189	2378195
AVX2	6128	1195	2390404
AVX2	6144	1231	2462396
AVX2	6160	1395	2790461
AVX2	6176	1281	2562976
AVX2	6192	1385	2771597
AVX2	6208	1394	2788801
AVX2	6224	1463	2927258
AVX2	6240	1551	3103844
AVX2	6256	1655	3310275
AVX2	6272	1702	3404128
AVX2	6288	1724	3449920
AVX2	6304	1697	3394560
AVX2	6320	1391	2782150
AVX2	6336	1575	3150475
AVX2	6352	1492	2985828
AVX2	6368	1495	2990740
AVX2	6384	1443	2886081
AVX2	6400	1449	2898323
AVX2	6416	1470	2940879
AVX2	6432	1535	3070252
AVX2	6448	1551	3103969
AVX2	6464	1621	3243543
AVX2	6480	1820	3641939
AVX2	6496	1816	3633487
AVX2	6512	1917	3835149
AVX2	6528	2926	5853878
AVX2	6544	1849	3698852
AVX2	6560	1851	3702674
AVX2	6576	1788	3576141
AVX2	6592	1773	3546061
AVX2	6608	1770	3540315
AVX2	6624	1661	3322505
AVX2	6640	1732	3465378
AVX2	6656	1707	3415271
AVX2	6672	1723	3446403
AVX2	6688	1759	3518724
AVX2	6704	1815	3631318
AVX2	6720	1756	3513488
AVX2	6736	1761	3523493
AVX2	6752	1786	3573657
AVX2	6768	1829	3658081
AVX2	6784	1760	3520757
AVX2	6800	1870	3741760
AVX2	6816	1839	3679544
AVX2	6832	1859	3719013
AVX2	6848	1865	3730061
AVX2	6864	1876	3752470
AVX2	6880	1871	3742045
AVX2	6896	1901	3802558
AVX2	6912	1873	3747007
AVX2	6928	1904	3808189
AVX2	6944	1885	3770889
AVX2	6960	1872	3745281
AVX2	6976	1898	3796561
AVX2	6992	1915	3830875
AVX2	7008	1922	3845118
AVX2	7024	1933	3866895
AVX2	7040	1935	3871367
AVX2	7056	1965	3930594
AVX2	7072	1963	3927390
AVX2	7088	2199	4398039
AVX2	7104	2020	4041348
AVX2	7120	2046	4092302
AVX2	7136	2019	4038617
AVX2	7152	2010	4021594
AVX2	7168	2047	4095942
AVX2	7184	2089	4178958
AVX2	7200	2076	4152625
AVX2	7216	1996	3992890
AVX2	7232	2059	4118650
AVX2	7248	2039	4079736
AVX2	7264	2092	4185617
AVX2	7280	2113	4227323
AVX2	7296	2104	4208856
AVX2	7312	2095	4190210
AVX2	7328	2117	4235103
AVX2	7344	2084	4169690
AVX2	7360	2115	4230774
AVX2	7376	2162	4324222
AVX2	7392	2104	4209346
AVX2	7408	2172	4345156
AVX2	7424	2112	4225196
AVX2	7440	2091	4182874
AVX2	7456	2107	4215453
AVX2	7472	2093	4187601
AVX2	7488	2046	4093690
AVX2	7504	2204	4408010
AVX2	7520	2105	4210790
AVX2	7536	2148	4297081
AVX2	7552	2168	4336244
AVX2	7568	2098	4197514
AVX2	7584	2159	4318814
AVX2	7600	2140	4280474
AVX2	7616	2120	4240449
AVX2	7632	2220	4441424
AVX2	7648	2137	4275078
AVX2	7664	2113	4226061
AVX2	7680	2137	4274569
AVX2	7696	2151	4302293
AVX2	7712	2173	4347672
AVX2	7728	2176	4352525
AVX2	7744	2208	4417694
AVX2	7760	2217	4434635
AVX2	7776	2164	4329817
AVX2	7792	2206	4412423
AVX2	7808	2230	4461235
AVX2	7824	2146	4293248
AVX2	7840	2207	4415671
AVX2	7856	2184	4368309
AVX2	7872	2182	4364259
AVX2	7888	2152	4305199
AVX2	7904	2217	4435151
AVX2	7920	2226	4452977
AVX2	7936	2192	4385903
AVX2	7952	2244	4488717
AVX2	7968	2420	4841136
AVX2	7984	2160	4321958
AVX2	8000	2219	4439823
AVX2	8016	2226	4453155
AVX2	8032	2225	4451563
AVX2	8048	2255	4510442
AVX2	8064	2223	4446469
AVX2	8080	2248	4496312
AVX2	8096	2278	4556803
AVX2	8112	2247	4495284
AVX2	8128	2223	4447224
AVX2	8144	2248	4496588
AVX2	8160	2301	4602790
AVX2	8176	2279	4558807
AVX2	8192	2236	4472978
AVX2	8208	2283	4567094
AVX2	8224	2271	4542399
AVX2	8240	2310	4621204
AVX2	8256	2330	4660683
AVX2	8272	2313	4627081
AVX2	8288	2288	4576407
AVX2	8304	2289	4579563
AVX2	8320	2295	4590156
AVX2	8336	2336	4673861
AVX2	8352	2322	4644759
AVX2	8368	2328	4656157
AVX2	8384	2340	4680395
AVX2	8400	2411	4822070
AVX2	8416	2525	5050228
AVX2	8432	2609	5219516
AVX2	8448	2421	4842347
AVX2	8464	2734	5469355
AVX2	8480	2397	4794013
AVX2	8496	2457	4915310
AVX2	8512	2377	4754723
AVX2	8528	2305	4611143
AVX2	8544	2414	4828741
AVX2	8560	2449	4899883
AVX2	8576	2412	4824810
AVX2	8592	2474	4948525
AVX2	8608	2450	4900055
AVX2	8624	2438	4876655
AVX2	8640	2526	5053446
AVX2	8656	2470	4940392
AVX2	8672	2866	5733433
AVX2	8688	3560	7120369
AVX2	8704	2638	5276155
AVX2	8720	2590	5180433
AVX2	8736	2502	5005630
AVX2	8752	2437	4874848
AVX2	8768	2458	4917206
AVX2	8784	2411	4823113
AVX2	8800	2477	4955374
AVX2	8816	2372	4744756
AVX2	8832	2438	4876183
AVX2	8848	2465	4930203
AVX2	8864	2453	4906078
AVX2	8880	2465	4930076
AVX2	8896	2266	4533931
AVX2	8912	2278	4557066
AVX2	8928	2452	4905460
AVX2	8944	2497	4994050
AVX2	8960	2504	5009909
AVX2	8976	2395	4790065
AVX2	8992	2449	4898695
AVX2	9008	2477	4955659
AVX2	9024	2494	4988199
AVX2	9040	2549	5099299
AVX2	9056	2564	5128350
AVX2	9072	2504	5009650
AVX2	9088	2511	5022193
AVX2	9104	2573	5146214
AVX2	9120	2533	5067772
AVX2	9136	2582	5165835
AVX2	9152	2570	5141211
AVX2	9168	2486	4972338
AVX2	9184	2576	5153272
AVX2	9200	2532	5064425
AVX2	9216	2599	5198541
AVX2	9232	2545	5091570
AVX2	9248	2611	5222031
AVX2	9264	2559	5119269
AVX2	9280	2593	5187457
AVX2	9296	2497	4994148
AVX2	9312	2636	5272113
AVX2	9328	2630	5260203
AVX2	9344	2625	5250372
AVX2	9360	2659	5318462
AVX2	9376	2650	5300959
AVX2	9392	2642	5284413
AVX2	9408	2642	5284654
AVX2	9424	2698	5396016
AVX2	9440	2838	5677622
AVX2	9456	2782	5564954
AVX2	9472	2712	5424524
AVX2	9488	2612	5225055
AVX2	9504	2662	5325242
AVX2	9520	2652	5304734
AVX2	9536	2592	5184353
AVX2	9552	2696	5392531
AVX2	9568	2690	5381589
AVX2	9584	2673	5346899
AVX2	9600	2692	5385147
AVX2	9616	2715	5430108
AVX2	9632	2589	5179040
AVX2	9648	2681	5363928
AVX2	9664	2738	5476681
AVX2	9680	2699	5398545
AVX2	9696	2720	5440492
AVX2	9712	2662	5324687
AVX2	9728	2741	5482158
AVX2	9744	2711	5422459
AVX2	9760	2693	5386011
AVX2	9776	2746	5492632
AVX2	9792	2741	5482672
AVX2	9808	2795	5591706
AVX2	9824	2809	5618167
AVX2	9840	2718	5437666
AVX2	9856	2726	5453775
AVX2	9872	2702	5405516
AVX2	9888	2767	5535768
AVX2	9904	2825	5651503
AVX2	9920	2784	5568261
AVX2	9936	2799	5599238
AVX2	9952	2815	5630373
AVX2	9968	2822	5644264
AVX2	9984	2785	5570223
AVX2	10000	2876	5753657
AVX2	10016	2773	5547740
AVX2	10032	2744	5489236
AVX2	10048	2778	5557445
AVX2	10064	2722	5445960
AVX2	10080	2755	5511560
AVX2	10096	2768	5536547
AVX2	10112	2803	5606792
AVX2	10128	2822	5645057
AVX2	10144	2650	5301320
AVX2	10160	2802	5605312
AVX2	10176	2728	5457846
AVX2	10192	2716	5432232
AVX2	10208	2836	5673106
AVX2	10224	2762	5525672
AVX2	10240	2828	5657903
AVX2	10256	2803	5607950
AVX2	10272	2831	5662898
AVX2	10288	2799	5598953
AVX2	10304	2863	5726511
AVX2	10320	2842	5685047
AVX2	10336	2851	5703527
AVX2	10352	2891	5783666
AVX2	10368	2857	5715364
AVX2	10384	2906	5812331
AVX2	10400	2847	5694483
AVX2	10416	2935	5870705
AVX2	10432	2837	5675111
AVX2	10448	2999	5998973
AVX2	10464	3187	6375417
AVX2	10480	3241	6482706
AVX2	10496	3103	6206810
AVX2	10512	2931	5863484
AVX2	10528	2898	5796375
AVX2	10544	2995	5991113
AVX2	10560	2928	5856253
AVX2	10576	2949	5899346
AVX2	10592	3014	6029988
AVX2	10608	3010	6021974
AVX2	10624	2995	5991993
AVX2	10640	3013	6027329
AVX2	10656	3014	6029747
AVX2	10672	3100	6200876
AVX2	10688	3063	6127047
AVX2	10704	3172	6344775
AVX2	10720	3287	6574107
AVX2	10736	3331	6662775
AVX2	10752	3267	6535155
AVX2	10768	3170	6340685
AVX2	10784	3127	6255535
AVX2	10800	4418	8836748
AVX2	10816	3036	6072646
AVX2	10832	3022	6044331
AVX2	10848	2946	5892649
AVX2	10864	3058	6116546
AVX2	10880	2947	5894343
AVX2	10896	3003	6007183
AVX2	10912	2911	5822125
AVX2	10928	2998	5996230
AVX2	10944	3029	6059489
AVX2	10960	3049	6099832
AVX2	10976	2914	5829566
AVX2	10992	3066	6132256
AVX2	11008	3024	6049121
AVX2	11024	3043	6087646
AVX2	11040	2958	5916634
AVX2	11056	3023	6047770
AVX2	11072	3103	6206904
AVX2	11088	3045	6090344
AVX2	11104	3052	6105252
AVX2	11120	3142	6284301
AVX2	11136	3071	6142721
AVX2	11152	3061	6123612
AVX2	11168	3144	6289706
AVX2	11184	3277	6554207
AVX2	11200	3126	6253312
AVX2	11216	3160	6321153
AVX2	11232	3147	6294452
AVX2	11248	3120	6241331
AVX2	11264	3148	6297367
AVX2	11280	3145	6291641
AVX2	11296	3198	6397994
AVX2	11312	3189	6378130
AVX2	11328	3289	6578706
AVX2	11344	3121	6242656
AVX2	11360	3159	6318386
AVX2	11376	3185	6371239
AVX2	11392	3215	6430861
AVX2	11408	3186	6372526
AVX2	11424	3184	6369340
AVX2	11440	3186	6373810
AVX2	11456	3225	6450395
AVX2	11472	3342	6684303
AVX2	11488	3427	6855811
AVX2	11504	3416	6832734
AVX2	11520	3575	7150855
AVX2	11536	3244	6488979
AVX2	11552	3147	6294627
AVX2	11568	3255	6510721
AVX2	11584	3226	6453616
AVX2	11600	3259	6518559
AVX2	11616	3252	6504879
AVX2	11632	3264	6529649
AVX2	11648	3255	6510540
AVX2	11664	3178	6356783
AVX2	11680	3218	6437850
AVX2	11696	3298	6597133
AVX2	11712	3218	6437493
AVX2	11728	3297	6594703
AVX2	11744	3309	6619876
AVX2	11760	3163	6327966
AVX2	11776	3278	6556573
AVX2	11792	3263	6526170
AVX2	11808	3236	6472300
AVX2	11824	3328	6657319
AVX2	11840	3319	6639511
AVX2	11856	3395	6791479
AVX2	11872	3328	6657010
AVX2	11888	3355	6710615
AVX2	11904	3387	6775615
AVX2	11920	3633	7267454
AVX2	11936	3886	7773353
AVX2	11952	4108	8216748
AVX2	11968	3533	7066312
AVX2	11984	3345	6690596
AVX2	12000	3371	6743598
AVX2	12016	3417	6834143
AVX2	12032	3359	6719179
AVX2	12048	3744	7488228
AVX2	12064	3481	6962898
AVX2	12080	3398	6796346
AVX2	12096	3330	6661375
AVX2	12112	3386	6772680
AVX2	12128	3344	6689170
AVX2	12144	3438	6877553
AVX2	12160	3352	6704847
AVX2	12176	3243	6487910
AVX2	12192	3277	6554782
AVX2	12208	3334	6668130
AVX2	12224	3467	6934040
AVX2	12240	3290	6580065
AVX2	12256	3402	6805222
AVX2	12272	3413	6826815
AVX2	12288	3444	6889747
AVX2	12304	3368	6737474
AVX2	12320	3509	7018110
AVX2	12336	3407	6814790
AVX2	12352	3276	6553150
AVX2	12368	3509	7018407
AVX2	12384	3452	6904916
AVX2	12400	3491	6983496
AVX2	12416	3411	6823677
AVX2	12432	3489	6978519
AVX2	12448	3415	6831538
AVX2	12464	3525	7050163
AVX2	12480	3449	6898938
AVX2	12496	3616	7233687
AVX2	12512	3932	7864599
AVX2	12528	4040	8081799
AVX2	12544	3633	7266840
AVX2	12560	3514	7029345
AVX2	12576	3604	7208632
AVX2	12592	3579	7158534
AVX2	12608	3535	7070714
AVX2	12624	3510	7021055
AVX2	12640	3359	6718949
AVX2	12656	3569	7139644
AVX2	12672	3517	7035122
AVX2	12688	3565	7130314
AVX2	12704	5742	11484817
AVX2	12720	3438	6877907
AVX2	12736	3619	7238218
AVX2	12752	3810	7620826
AVX2	12768	3846	7693852
AVX2	12784	3884	7768250
AVX2	12800	3899	7798027
AVX2	12816	3828	7656037
AVX2	12832	3780	7560839
AVX2	12848	3565	7131542
AVX2	12864	3610	7220875
AVX2	12880	3553	7106560
AVX2	12896	3577	7155875
AVX2	12912	3597	7194333
AVX2	12928	3507	7014553
AVX2	12944	3571	7142078
AVX2	12960	3565	7131984
AVX2	12976	3486	6972315
AVX2	12992	3621	7243178
AVX2	13008	3510	7021852
AVX2	13024	3564	7128154
AVX2	13040	3587	7175091
AVX2	13056	3845	7690315
AVX2	13072	3530	7060188
AVX2	13088	3649	7299151
AVX2	13104	3628	7257105
AVX2	13120	3511	7022092
AVX2	13136	3624	7249246
AVX2	13152	3601	7203046
AVX2	13168	3554	7109891
AVX2	13184	3626	7252942
AVX2	13200	3655	7310228
AVX2	13216	3668	7336457
AVX2	13232	3482	6964909
AVX2	13248	3555	7110087
AVX2	13264	3754	7508093
AVX2	13280	3636	7272084
AVX2	13296	3708	7417821
AVX2	13312	3723	7446468
AVX2	13328	3743	7487807
AVX2	13344	3723	7446834
AVX2	13360	3836	7673283
AVX2	13376	3737	7474819
AVX2	13392	3716	7433495
AVX2	13408	3738	7476533
AVX2	13424	3707	7414897
AVX2	13440	3774	7548908
AVX2	13456	3781	7563076
AVX2	13472	3875	7750618
AVX2	13488	3755	7511421
AVX2	13504	3748	7496694
AVX2	13520	3846	7692152
AVX2	13536	4051	8102114
AVX2	13552	4105	8210556
AVX2	13568	3963	7926515
AVX2	13584	3737	7474614
AVX2	13600	3743	7487414
AVX2	13616	3811	7622475
AVX2	13632	3894	7788210
AVX2	13648	3898	7797319
AVX2	13664	3737	7474477
AVX2	13680	3800	7601185
AVX2	13696	4039	8078812
AVX2	13712	3918	7837395
AVX2	13728	3850	7701197
AVX2	13744	3817	7635403
AVX2	13760	3930	7861300
AVX2	13776	3842	7685457
AVX2	13792	3805	7611808
AVX2	13808	3905	7810073
AVX2	13824	3810	7621305
AVX2	13840	3829	7659990
AVX2	13856	3818	7636349
AVX2	13872	3846	7693709
AVX2	13888	3899	7799777
AVX2	13904	3928	7857711
AVX2	13920	3799	7599263
AVX2	13936	3844	7688416
AVX2	13952	3751	7503062
AVX2	13968	3901	7802894
AVX2	13984	3907	7814251
AVX2	14000	3879	7758507
AVX2	14016	3929	7859714
AVX2	14032	3911	7822140
AVX2	14048	3784	7568903
AVX2	14064	3889	7779128
AVX2	14080	3906	7812982
AVX2	14096	4056	8113851
AVX2	14112	3895	7791573
AVX2	14128	5141	10282852
AVX2	14144	4598	9197517
AVX2	14160	3942	7884252
AVX2	14176	4004	8008859
AVX2	14192	3930	7860469
AVX2	14208	3909	7819186
AVX2	14224	4242	8484724
AVX2	14240	3907	7815214
AVX2	14256	3934	7869187
AVX2	14272	3938	7877201
AVX2	14288	3933	7866248
AVX2	14304	3995	7990178
AVX2	14320	3971	7943270
AVX2	14336	4020	8041517
AVX2	14352	4028	8056514
AVX2	14368	3881	7762682
AVX2	14384	3974	7949080
AVX2	14400	3863	7727289
AVX2	14416	3779	7559154
AVX2	14432	4032	8064835
AVX2	14448	3930	7860638
AVX2	14464	3874	7748288
AVX2	14480	3934	7868396
AVX2	14496	3902	7805253
AVX2	14512	3928	7857759
AVX2	14528	4024	8048732
AVX2	14544	4177	8354427
AVX2	14560	4526	9053347
AVX2	14576	4571	9142364
AVX2	14592	4256	8512881
AVX2	14608	5862	11725807
AVX2	14624	4084	8168620
AVX2	14640	4075	8151255
AVX2	14656	4051	8102839
AVX2	14672	4045	8091592
AVX2	14688	4103	8207570
AVX2	14704	4096	8192032
AVX2	14720	4083	8167637
AVX2	14736	4127	8254713
AVX2	14752	4130	8261832
AVX2	14768	4140	8281559
AVX2	14784	4289	8579103
AVX2	14800	4357	8715714
AVX2	14816	4510	9021771
AVX2	14832	4673	9347924
AVX2	14848	4593	9187105
AVX2	14864	4325	8651320
AVX2	14880	4297	8594813
AVX2	14896	4226	8452936
AVX2	14912	4151	8302094
AVX2	14928	4166	8333144
AVX2	14944	4139	8278920
AVX2	14960	4091	8182048
AVX2	14976	4117	8235662
AVX2	14992	4123	8246459
AVX2	15008	4132	8264429
AVX2	15024	4101	8202037
AVX2	15040	4171	8343968
AVX2	15056	4208	8416361
AVX2	15072	4143	8287971
AVX2	15088	4095	8190368
AVX2	15104	4150	8301642
AVX2	15120	4145	8290610
AVX2	15136	4189	8378917
AVX2	15152	4191	8382055
AVX2	15168	4108	8216722
AVX2	15184	4178	8356889
AVX2	15200	4143	8287891
AVX2	15216	4115	8231716
AVX2	15232	4146	8292497
AVX2	15248	4328	8656654
AVX2	15264	4133	8267195
AVX2	15280	4111	8222555
AVX2	15296	4127	8255898
AVX2	15312	4089	8178878
AVX2	15328	4147	8295503
AVX2	15344	4044	8089672
AVX2	15360	4206	8413043
AVX2	15376	4150	8300932
AVX2	15392	4190	8380299
AVX2	15408	4229	8458097
AVX2	15424	4163	8327188
AVX2	15440	4227	8454295
AVX2	15456	4314	8628164
AVX2	15472	4207	8414037
AVX2	15488	4145	8290461
AVX2	15504	4241	8483181
AVX2	15520	4216	8433199
AVX2	15536	4213	8427248
AVX2	15552	4293	8586208
AVX2	15568	4571	9143190
AVX2	15584	4746	9493884
AVX2	15600	4822	9645703
AVX2	15616	4379	8758226
AVX2	15632	5767	11535104
AVX2	15648	4244	8488733
AVX2	15664	4311	8622981
AVX2	15680	4249	8499364
AVX2	15696	4315	8630381
AVX2	15712	4273	8547715
AVX2	15728	4299	8599989
AVX2	15744	4366	8733085
AVX2	15760	7085	14170260
AVX2	15776	6671	13343782
AVX2	15792	4237	8474045
AVX2	15808	4347	8695954
AVX2	15824	4241	8482805
AVX2	15840	4465	8931276
AVX2	15856	4279	8559610
AVX2	15872	4409	8818850
AVX2	15888	4539	9079651
AVX2	15904	4387	8774697
AVX2	15920	4759	9518447
AVX2	15936	4476	8952861
AVX2	15952	4268	8537770
AVX2	15968	4419	8838869
AVX2	15984	4399	8798718
AVX2	16000	4412	8824810
