SSE4	16	6	13660
SSE4	32	8	16996
SSE4	48	11	23819
SSE4	64	15	30585
SSE4	80	28	57949
SSE4	96	31	62140
SSE4	112	39	79030
SSE4	128	29	58885
SSE4	144	40	81934
SSE4	160	35	71772
SSE4	176	56	112064
SSE4	192	62	124160
SSE4	208	46	93594
SSE4	224	70	141948
SSE4	240	53	107536
SSE4	256	57	114798
SSE4	272	74	149392
SSE4	288	78	157233
SSE4	304	91	182364
SSE4	320	116	232684
SSE4	336	111	222636
SSE4	352	120	241444
SSE4	368	103	206898
SSE4	384	147	295120
SSE4	400	161	322982
SSE4	416	106	213812
SSE4	432	111	222162
SSE4	448	114	228345
SSE4	464	126	252758
SSE4	480	121	242531
SSE4	496	124	248878
SSE4	512	127	255768
SSE4	528	139	278548
SSE4	544	135	270163
SSE4	560	138	277805
SSE4	576	200	401132
SSE4	592	237	475988
SSE4	608	149	299026
SSE4	624	197	395950
SSE4	640	243	487204
SSE4	656	238	476564
SSE4	672	211	423280
SSE4	688	167	334720
SSE4	704	170	341789
SSE4	720	182	365774
SSE4	736	221	442048
SSE4	752	194	388847
SSE4	768	272	545584
SSE4	784	225	450352
SSE4	800	192	384847
SSE4	816	195	391364
SSE4	832	234	468461
SSE4	848	210	420297
SSE4	864	214	429520
SSE4	880	210	420742
SSE4	896	214	428988
SSE4	912	217	434486
SSE4	928	220	441795
SSE4	944	232	464620
SSE4	960	251	503975
SSE4	976	264	529432
SSE4	992	272	545338
SSE4	1008	249	499735
SSE4	1024	251	502528
SSE4	1040	281	563983
SSE4	1056	248	497988
SSE4	1072	260	521813
SSE4	1088	256	512913
SSE4	1104	259	518740
SSE4	1120	270	541121
SSE4	1136	273	547842
SSE4	1152	306	613031
SSE4	1168	364	729087
SSE4	1184	429	858063
SSE4	1200	320	640894
SSE4	1216	284	569177
SSE4	1232	295	590575
SSE4	1248	463	927129
SSE4	1264	303	607378
SSE4	1280	297	595988
SSE4	1296	310	620826
SSE4	1312	330	660085
SSE4	1328	309	618788
SSE4	1344	366	733958
SSE4	1360	410	821314
SSE4	1376	346	692812
SSE4	1392	362	724117
SSE4	1408	326	653768
SSE4	1424	343	687760
SSE4	1440	383	767401
SSE4	1456	338	676235
SSE4	1472	341	683375
SSE4	1488	344	689383
SSE4	1504	349	699207
SSE4	1520	357	715535
SSE4	1536	355	710079
SSE4	1552	509	1018641
SSE4	1568	419	838032
SSE4	1584	666	1332196
SSE4	1600	499	999320
SSE4	1616	770	1540925
SSE4	1632	767	1534478
SSE4	1648	523	1047927
SSE4	1664	424	849929
SSE4	1680	429	859600
SSE4	1696	593	1187593
SSE4	1712	437	874192
SSE4	1728	514	1028024
SSE4	1744	402	804137
SSE4	1760	446	893862
SSE4	1776	428	856354
SSE4	1792	457	914625
SSE4	1808	416	832095
SSE4	1824	506	1012905
SSE4	1840	458	916205
SSE4	1856	440	881097
SSE4	1872	466	932618
SSE4	1888	482	965279
SSE4	1904	495	991603
SSE4	1920	497	995696
SSE4	1936	444	889283
SSE4	1952	448	896605
SSE4	1968	451	902538
SSE4	1984	454	908987
SSE4	2000	457	915776
SSE4	2016	519	1039055
SSE4	2032	572	1145138
SSE4	2048	496	993830
SSE4	2064	499	998997
SSE4	2080	504	1008387
SSE4	2096	486	973936
SSE4	2112	498	996262
SSE4	2128	487	974462
SSE4	2144	542	1085413
SSE4	2160	494	988372
SSE4	2176	514	1028073
SSE4	2192	517	1035026
SSE4	2208	504	1009617
SSE4	2224	807	1615509
SSE4	2240	732	1465896
SSE4	2256	515	1030557
SSE4	2272	574	1148530
SSE4	2288	531	1062083
SSE4	2304	566	1132953
SSE4	2320	529	1058399
SSE4	2336	563	1127161
SSE4	2352	536	1072632
SSE4	2368	540	1081065
SSE4	2384	552	1104147
SSE4	2400	547	1095438
SSE4	2416	551	1103259
SSE4	2432	767	1534724
SSE4	2448	831	1663096
SSE4	2464	752	1504629
SSE4	2480	697	1395884
SSE4	2496	568	1136985
SSE4	2512	579	1158492
SSE4	2528	582	1164372
SSE4	2544	578	1157133
SSE4	2560	964	1929878
SSE4	2576	647	1294231
SSE4	2592	653	1307017
SSE4	2608	657	1315750
SSE4	2624	659	1318186
SSE4	2640	600	1201500
SSE4	2656	604	1209972
SSE4	2672	607	1214497
SSE4	2688	613	1226347
SSE4	2704	705	1410906
SSE4	2720	754	1509396
SSE4	2736	1016	2032041
SSE4	2752	739	1479912
SSE4	2768	631	1262204
SSE4	2784	695	1391939
SSE4	2800	637	1274960
SSE4	2816	640	1281848
SSE4	2832	644	1289359
SSE4	2848	648	1296514
SSE4	2864	652	1304413
SSE4	2880	654	1309470
SSE4	2896	657	1315181
SSE4	2912	661	1323605
SSE4	2928	695	1391847
SSE4	2944	843	1687169
SSE4	2960	727	1455850
SSE4	2976	677	1354517
SSE4	2992	897	1794138
SSE4	3008	683	1366697
SSE4	3024	684	1369888
SSE4	3040	734	1468118
SSE4	3056	729	1459756
SSE4	3072	710	1421172
SSE4	3088	700	1400972
SSE4	3104	717	1434786
SSE4	3120	706	1413565
SSE4	3136	710	1421466
SSE4	3152	758	1516064
SSE4	3168	727	1454666
SSE4	3184	762	1525517
SSE4	3200	724	1449514
SSE4	3216	774	1549365
SSE4	3232	730	1461642
SSE4	3248	841	1683950
SSE4	3264	736	1473110
SSE4	3280	780	1560268
SSE4	3296	825	1650529
SSE4	3312	747	1494272
SSE4	3328	752	1504990
SSE4	3344	755	1510360
SSE4	3360	757	1514127
SSE4	3376	764	1529587
SSE4	3392	956	1913435
SSE4	3408	772	1544019
SSE4	3424	798	1597792
SSE4	3440	779	1558286
SSE4	3456	824	1648519
SSE4	3472	812	1624605
SSE4	3488	916	1832264
SSE4	3504	806	1612681
SSE4	3520	797	1594222
SSE4	3536	800	1601110
SSE4	3552	803	1607914
SSE4	3568	807	1615010
SSE4	3584	810	1621212
SSE4	3600	856	1712033
SSE4	3616	817	1634868
SSE4	3632	904	1809914
SSE4	3648	824	1649036
SSE4	3664	828	1657014
SSE4	3680	832	1664101
SSE4	3696	836	1672121
SSE4	3712	837	1675134
SSE4	3728	842	1684500
SSE4	3744	845	1690240
SSE4	3760	863	1726138
SSE4	3776	851	1703996
SSE4	3792	901	1803604
SSE4	3808	892	1785653
SSE4	3824	864	1729157
SSE4	3840	867	1735261
SSE4	3856	870	1741789
SSE4	3872	948	1896483
SSE4	3888	876	1753803
SSE4	3904	1095	2190096
SSE4	3920	885	1771349
SSE4	3936	888	1776198
SSE4	3952	935	1871724
SSE4	3968	894	1788696
SSE4	3984	900	1801652
SSE4	4000	902	1804153
SSE4	4016	906	1812129
SSE4	4032	946	1892669
SSE4	4048	912	1824751
SSE4	4064	994	1989832
SSE4	4080	1033	2066956
SSE4	4096	979	1959909
SSE4	4112	984	1968584
SSE4	4128	988	1977931
SSE4	4144	945	1890087
SSE4	4160	1006	2013110
SSE4	4176	941	1882204
SSE4	4192	942	1885609
SSE4	4208	988	1976449
SSE4	4224	1043	2086986
SSE4	4240	1021	2042269
SSE4	4256	1002	2005970
SSE4	4272	992	1985711
SSE4	4288	967	1935600
SSE4	4304	971	1942824
SSE4	4320	972	1945567
SSE4	4336	977	1955883
SSE4	4352	1049	2098797
SSE4	4368	984	1969338
SSE4	4384	986	1973575
SSE4	4400	989	1978335
SSE4	4416	992	1985063
SSE4	4432	998	1997914
SSE4	4448	1000	2001513
SSE4	4464	1005	2011951
SSE4	4480	1047	2095105
SSE4	4496	1012	2024981
SSE4	4512	1017	2034594
SSE4	4528	1057	2115990
SSE4	4544	1063	2126592
SSE4	4560	1026	2052868
SSE4	4576	1069	2138775
SSE4	4592	1033	2066298
SSE4	4608	1055	2110039
SSE4	4624	1078	2156155
SSE4	4640	1044	2088442
SSE4	4656	1048	2096738
SSE4	4672	1051	2103100
SSE4	4688	1055	2110324
SSE4	4704	1057	2115191
SSE4	4720	1064	2128654
SSE4	4736	1137	2274810
SSE4	4752	1070	2141562
SSE4	4768	1073	2147891
SSE4	4784	1118	2237806
SSE4	4800	1079	2158663
SSE4	4816	1084	2169770
SSE4	4832	1135	2271413
SSE4	4848	1092	2185931
SSE4	4864	1094	2188639
SSE4	4880	1100	2200563
SSE4	4896	1155	2311317
SSE4	4912	1104	2208636
SSE4	4928	1105	2211869
SSE4	4944	1173	2347723
SSE4	4960	1115	2231688
SSE4	4976	1119	2238363
SSE4	4992	1122	2244080
SSE4	5008	1165	2330539
SSE4	5024	1132	2265340
SSE4	5040	1135	2270332
SSE4	5056	1138	2276483
SSE4	5072	1180	2360226
SSE4	5088	1209	2418443
SSE4	5104	1211	2423946
SSE4	5120	1263	2526666
SSE4	5136	1193	2387851
SSE4	5152	1157	2315456
SSE4	5168	1165	2331083
SSE4	5184	1165	2330364
SSE4	5200	1208	2417851
SSE4	5216	1172	2344442
SSE4	5232	1178	2356875
SSE4	5248	1229	2459724
SSE4	5264	1228	2457868
SSE4	5280	1216	2433100
SSE4	5296	1244	2489612
SSE4	5312	1193	2387392
SSE4	5328	1197	2394003
SSE4	5344	1253	2507737
SSE4	5360	1221	2442810
SSE4	5376	1297	2595109
SSE4	5392	1247	2494707
SSE4	5408	1258	2517201
SSE4	5424	1221	2443004
SSE4	5440	1226	2452043
SSE4	5456	1230	2461995
SSE4	5472	1238	2476766
SSE4	5488	1289	2579566
SSE4	5504	1252	2504626
SSE4	5520	1261	2522449
SSE4	5536	1265	2531868
SSE4	5552	1316	2632680
SSE4	5568	1281	2563933
SSE4	5584	1291	2582177
SSE4	5600	1316	2633741
SSE4	5616	1304	2609360
SSE4	5632	1346	2693829
SSE4	5648	1344	2688492
SSE4	5664	1333	2666064
SSE4	5680	1340	2681120
SSE4	5696	1370	2740215
SSE4	5712	1392	2785147
SSE4	5728	1364	2729667
SSE4	5744	1398	2796245
SSE4	5760	1390	2780185
SSE4	5776	1394	2789167
SSE4	5792	1464	2928153
SSE4	5808	1560	3120130
SSE4	5824	1597	3195754
SSE4	5840	1443	2887664
SSE4	5856	1471	2943970
SSE4	5872	1490	2981926
SSE4	5888	1471	2942912
SSE4	5904	1530	3061579
SSE4	5920	1620	3241826
SSE4	5936	1601	3202838
SSE4	5952	1615	3230780
SSE4	5968	1594	3188533
SSE4	5984	1595	3190541
SSE4	6000	1571	3143970
SSE4	6016	1527	3054715
SSE4	6032	1490	2981677
SSE4	6048	1470	2940796
SSE4	6064	1518	3037689
SSE4	6080	1822	3645706
SSE4	6096	1572	3144594
SSE4	6112	1729	3459732
SSE4	6128	1900	3800014
SSE4	6144	1909	3819944
SSE4	6160	1907	3814756
SSE4	6176	1799	3598400
SSE4	6192	1704	3408868
SSE4	6208	1656	3313452
SSE4	6224	1615	3230421
SSE4	6240	1606	3213662
SSE4	6256	1603	3206911
SSE4	6272	1627	3254582
SSE4	6288	1648	3297391
SSE4	6304	1689	3379076
SSE4	6320	1713	3427118
SSE4	6336	1766	3532859
SSE4	6352	1844	3689499
SSE4	6368	1834	3669052
SSE4	6384	1816	3633991
SSE4	6400	1829	3659077
SSE4	6416	1833	3667866
SSE4	6432	1840	3680364
SSE4	6448	1866	3732744
SSE4	6464	1836	3673767
SSE4	6480	1875	3750065
SSE4	6496	1856	3713166
SSE4	6512	1900	3800297
SSE4	6528	1925	3851497
SSE4	6544	1905	3810273
SSE4	6560	2003	4006385
SSE4	6576	1922	3845210
SSE4	6592	1942	3885737
SSE4	6608	2057	4114886
SSE4	6624	1942	3885565
SSE4	6640	1990	3980678
SSE4	6656	1926	3852591
SSE4	6672	1992	3985940
SSE4	6688	1919	3838898
SSE4	6704	1919	3839430
SSE4	6720	1928	3857004
SSE4	6736	1939	3879577
SSE4	6752	1902	3804470
SSE4	6768	2230	4461930
SSE4	6784	2097	4195272
SSE4	6800	1915	3831488
SSE4	6816	1936	3872208
SSE4	6832	1903	3807645
SSE4	6848	1886	3772567
SSE4	6864	2155	4311522
SSE4	6880	1960	3920678
SSE4	6896	1985	3971953
SSE4	6912	1982	3965978
SSE4	6928	2051	4102640
SSE4	6944	2007	4014102
SSE4	6960	2023	4047175
SSE4	6976	2034	4069582
SSE4	6992	2063	4126039
SSE4	7008	2120	4241188
SSE4	7024	2074	4149814
SSE4	7040	2154	4308806
SSE4	7056	2139	4278233
SSE4	7072	2153	4307454
SSE4	7088	2185	4370452
SSE4	7104	2160	4321324
SSE4	7120	2168	4336568
SSE4	7136	2402	4804021
SSE4	7152	2422	4844623
SSE4	7168	2281	4563071
SSE4	7184	2434	4869704
SSE4	7200	2145	4291750
SSE4	7216	2153	4306290
SSE4	7232	2132	4265706
SSE4	7248	2074	4148629
SSE4	7264	2076	4152761
SSE4	7280	2053	4106158
SSE4	7296	2127	4254170
SSE4	7312	2081	4162951
SSE4	7328	2096	4192243
SSE4	7344	2099	4199919
SSE4	7360	2116	4233977
SSE4	7376	2116	4233581
SSE4	7392	2112	4224674
SSE4	7408	2098	4196406
SSE4	7424	2135	4271432
SSE4	7440	2163	4327440
SSE4	7456	2124	4249978
SSE4	7472	2071	4142026
SSE4	7488	2109	4219945
SSE4	7504	2106	4212942
SSE4	7520	2110	4221514
SSE4	7536	2099	4198385
SSE4	7552	2129	4259759
SSE4	7568	2216	4433514
SSE4	7584	2147	4295818
SSE4	7600	2145	4291215
SSE4	7616	2162	4325943
SSE4	7632	2167	4335299
SSE4	7648	2196	4392042
SSE4	7664	2233	4466791
SSE4	7680	2289	4579402
SSE4	7696	2250	4501372
SSE4	7712	2325	4650503
SSE4	7728	2219	4438556
SSE4	7744	2265	4531233
SSE4	7760	2251	4503619
SSE4	7776	2291	4583200
SSE4	7792	2278	4556017
SSE4	7808	2255	4511107
SSE4	7824	2276	4553203
SSE4	7840	2242	4485247
SSE4	7856	2286	4572455
SSE4	7872	2291	4583776
SSE4	7888	2334	4668771
SSE4	7904	2270	4541597
SSE4	7920	2260	4521112
SSE4	7936	2267	4534554
SSE4	7952	2266	4532548
SSE4	7968	2286	4573964
SSE4	7984	2302	4605352
SSE4	8000	2253	4506364
SSE4	8016	2406	4812077
SSE4	8032	2289	4579818
SSE4	8048	2292	4585734
SSE4	8064	2342	4685741
SSE4	8080	2320	4641918
SSE4	8096	2273	4547842
SSE4	8112	2303	4606924
SSE4	8128	2351	4702807
SSE4	8144	2363	4727626
SSE4	8160	2641	5282585
SSE4	8176	2624	5248625
SSE4	8192	2606	5213606
SSE4	8208	2660	5321486
SSE4	8224	2645	5291035
SSE4	8240	2726	5453864
SSE4	8256	2725	5451074
SSE4	8272	2694	5389337
SSE4	8288	2592	5184626
SSE4	8304	2624	5249768
SSE4	8320	2574	5149215
SSE4	8336	2562	5125013
SSE4	8352	2387	4775989
SSE4	8368	2449	4898106
SSE4	8384	2390	4781427
SSE4	8400	2456	4913190
SSE4	8416	2354	4708884
SSE4	8432	2375	4750957
SSE4	8448	2396	4792861
SSE4	8464	2429	4859477
SSE4	8480	2445	4890945
SSE4	8496	2412	4824661
SSE4	8512	2425	4851811
SSE4	8528	2483	4966243
SSE4	8544	2421	4843063
SSE4	8560	2444	4889159
SSE4	8576	2454	4908239
SSE4	8592	2503	5007971
SSE4	8608	2528	5057758
SSE4	8624	2477	4954741
SSE4	8640	2520	5040972
SSE4	8656	2493	4987002
SSE4	8672	2496	4993483
SSE4	8688	2467	4934773
SSE4	8704	2505	5010741
SSE4	8720	2482	4965837
SSE4	8736	2476	4952857
SSE4	8752	2472	4945096
SSE4	8768	2466	4932910
SSE4	8784	2487	4975562
SSE4	8800	2469	4938645
SSE4	8816	2501	5003630
SSE4	8832	2437	4874647
SSE4	8848	2486	4972801
SSE4	8864	2491	4983706
SSE4	8880	2511	5022645
SSE4	8896	2488	4977911
SSE4	8912	2544	5089445
SSE4	8928	2519	5038922
SSE4	8944	2553	5107527
SSE4	8960	2559	5118517
SSE4	8976	2593	5187618
SSE4	8992	2622	5245401
SSE4	9008	2647	5294028
SSE4	9024	2629	5258079
SSE4	9040	2683	5366796
SSE4	9056	2668	5336228
SSE4	9072	2650	5301816
SSE4	9088	2687	5375240
SSE4	9104	2764	5528670
SSE4	9120	2686	5373288
SSE4	9136	2720	5440526
SSE4	9152	2711	5422893
SSE4	9168	2724	5448014
SSE4	9184	3101	6202364
SSE4	9200	3054	6109477
SSE4	9216	3081	6163892
SSE4	9232	2902	5805277
SSE4	9248	2796	5592345
SSE4	9264	2809	5619640
SSE4	9280	2708	5416166
SSE4	9296	2610	5221970
SSE4	9312	2627	5254835
SSE4	9328	2699	5398910
SSE4	9344	2655	5311521
SSE4	9360	2675	5350280
SSE4	9376	2669	5338448
SSE4	9392	2676	5352654
SSE4	9408	2680	5360769
SSE4	9424	2706	5413268
SSE4	9440	2663	5327914
SSE4	9456	2660	5320655
SSE4	9472	2644	5288647
SSE4	9488	2687	5374042
SSE4	9504	2685	5371024
SSE4	9520	2667	5335562
SSE4	9536	2670	5341208
SSE4	9552	2707	5415170
SSE4	9568	2676	5353905
SSE4	9584	2777	5555891
SSE4	9600	2725	5450180
SSE4	9616	2726	5452396
SSE4	9632	2746	5492727
SSE4	9648	2682	5365247
SSE4	9664	2725	5450400
SSE4	9680	2747	5494650
SSE4	9696	2728	5457260
SSE4	9712	2811	5623836
SSE4	9728	2794	5589070
SSE4	9744	2847	5694764
SSE4	9760	2818	5636392
SSE4	9776	2863	5727049
SSE4	9792	2862	5725111
SSE4	9808	2823	5647717
SSE4	9824	2847	5694199
SSE4	9840	2848	5696600
SSE4	9856	2838	5676947
SSE4	9872	2861	5722152
SSE4	9888	2874	5749821
SSE4	9904	3063	6127778
SSE4	9920	2873	5747548
SSE4	9936	2863	5726017
SSE4	9952	2908	5816521
SSE4	9968	2880	5760201
SSE4	9984	2828	5656711
SSE4	10000	2810	5621247
SSE4	10016	2860	5720309
SSE4	10032	2851	5703829
SSE4	10048	2875	5751812
SSE4	10064	2908	5817083
SSE4	10080	2838	5677916
SSE4	10096	2899	5798713
SSE4	10112	2854	5709054
SSE4	10128	2923	5846731
SSE4	10144	2906	5813217
SSE4	10160	2876	5753007
SSE4	10176	2929	5858344
SSE4	10192	2885	5771011
SSE4	10208	3283	6566081
SSE4	10224	3290	6580514
SSE4	10240	3271	6543029
SSE4	10256	3276	6552312
SSE4	10272	3325	6650128
SSE4	10288	3447	6895756
SSE4	10304	3429	6858940
SSE4	10320	3316	6633822
SSE4	10336	4840	9681897
SSE4	10352	4045	8091656
SSE4	10368	3313	6626391
SSE4	10384	3448	6897758
SSE4	10400	2952	5904993
SSE4	10416	3000	6001671
SSE4	10432	3077	6155504
SSE4	10448	2965	5930707
SSE4	10464	3850	7700608
SSE4	10480	3897	7795536
SSE4	10496	3165	6330034
SSE4	10512	2937	5875873
SSE4	10528	2964	5928612
SSE4	10544	3019	6039545
SSE4	10560	2999	5999422
SSE4	10576	3039	6078845
SSE4	10592	3020	6040014
SSE4	10608	3050	6100254
SSE4	10624	3016	6032000
SSE4	10640	3052	6105353
SSE4	10656	3028	6056648
SSE4	10672	3053	6107712
SSE4	10688	3785	7571053
SSE4	10704	3020	6041957
SSE4	10720	3041	6082915
SSE4	10736	3389	6778338
SSE4	10752	3189	6378852
SSE4	10768	3100	6201680
SSE4	10784	2976	5953531
SSE4	10800	3130	6260433
SSE4	10816	3050	6101855
SSE4	10832	3115	6231656
SSE4	10848	3017	6035177
SSE4	10864	3325	6651559
SSE4	10880	3110	6221393
SSE4	10896	3120	6240722
SSE4	10912	3045	6091458
SSE4	10928	3041	6083649
SSE4	10944	3060	6120350
SSE4	10960	3156	6313917
SSE4	10976	3121	6242609
SSE4	10992	3116	6232503
SSE4	11008	3151	6302955
SSE4	11024	3159	6318336
SSE4	11040	3153	6306391
SSE4	11056	3193	6386797
SSE4	11072	3227	6455660
SSE4	11088	3252	6505001
SSE4	11104	3212	6424540
SSE4	11120	3361	6722186
SSE4	11136	3292	6585922
SSE4	11152	3279	6558683
SSE4	11168	3269	6538881
SSE4	11184	3296	6593484
SSE4	11200	3282	6564031
SSE4	11216	3874	7748596
SSE4	11232	3691	7382206
SSE4	11248	3723	7446855
SSE4	11264	3872	7744494
SSE4	11280	3546	7092434
SSE4	11296	3500	7000903
SSE4	11312	3491	6983204
SSE4	11328	3262	6525376
SSE4	11344	3264	6528415
SSE4	11360	3199	6398784
SSE4	11376	3606	7213028
SSE4	11392	3202	6404786
SSE4	11408	3291	6582650
SSE4	11424	3270	6540284
SSE4	11440	3257	6515674
SSE4	11456	3273	6547843
SSE4	11472	3444	6889498
SSE4	11488	3286	6573795
SSE4	11504	3284	6569870
SSE4	11520	3176	6353571
SSE4	11536	3274	6549513
SSE4	11552	3407	6814075
SSE4	11568	3236	6472497
SSE4	11584	3242	6485095
SSE4	11600	3320	6640465
SSE4	11616	3302	6605560
SSE4	11632	3290	6580642
SSE4	11648	3463	6927895
SSE4	11664	3294	6588251
SSE4	11680	3324	6649258
SSE4	11696	3470	6941287
SSE4	11712	3569	7138572
SSE4	11728	3350	6700619
SSE4	11744	3343	6687244
SSE4	11760	3353	6707760
SSE4	11776	3372	6745330
SSE4	11792	3457	6914823
SSE4	11808	3407	6814594
SSE4	11824	3446	6892751
SSE4	11840	3647	7295534
SSE4	11856	3460	6920226
SSE4	11872	3421	6843791
SSE4	11888	3379	6759628
SSE4	11904	3456	6913299
SSE4	11920	3422	6844368
SSE4	11936	3444	6889020
SSE4	11952	3556	7112436
SSE4	11968	3408	6817784
SSE4	11984	3377	6754414
SSE4	12000	3501	7003850
SSE4	12016	3395	6790995
SSE4	12032	3439	6879998
SSE4	12048	3469	6938770
SSE4	12064	3429	6859332
SSE4	12080	4070	8141678
SSE4	12096	3419	6839929
SSE4	12112	3540	7080853
SSE4	12128	3448	6896106
SSE4	12144	3423	6846900
SSE4	12160	3452	6905642
SSE4	12176	3808	7616873
SSE4	12192	3505	7011368
SSE4	12208	3417	6834961
SSE4	12224	3380	6761418
SSE4	12240	3393	6787325
SSE4	12256	4010	8021508
SSE4	12272	3983	7966329
SSE4	12288	3921	7843368
SSE4	12304	3944	7889648
SSE4	12320	3975	7950705
SSE4	12336	4328	8657020
SSE4	12352	4087	8175657
SSE4	12368	4007	8015348
SSE4	12384	4085	8170480
SSE4	12400	4203	8407815
SSE4	12416	3889	7778695
SSE4	12432	3859	7718898
SSE4	12448	3736	7473223
SSE4	12464	3443	6886624
SSE4	12480	3544	7089751
SSE4	12496	3581	7162670
SSE4	12512	3580	7160860
SSE4	12528	3455	6911469
SSE4	12544	3557	7114718
SSE4	12560	3530	7061529
SSE4	12576	3597	7195685
SSE4	12592	3582	7165404
SSE4	12608	3525	7051227
SSE4	12624	3661	7322277
SSE4	12640	4634	9268982
SSE4	12656	4090	8181142
SSE4	12672	3637	7275929
SSE4	12688	3688	7377059
SSE4	12704	3624	7249697
SSE4	12720	3688	7377772
SSE4	12736	3657	7315158
SSE4	12752	3704	7409238
SSE4	12768	3628	7257450
SSE4	12784	3665	7330553
SSE4	12800	3692	7385724
SSE4	12816	3675	7351674
SSE4	12832	3660	7320673
SSE4	12848	3574	7148342
SSE4	12864	3515	7031155
SSE4	12880	3651	7303866
SSE4	12896	3643	7286024
SSE4	12912	3508	7016464
SSE4	12928	3611	7223671
SSE4	12944	3646	7292685
SSE4	12960	3480	6960901
SSE4	12976	3659	7319790
SSE4	12992	5609	11219253
SSE4	13008	3680	7360110
SSE4	13024	3653	7307690
SSE4	13040	3652	7304464
SSE4	13056	3667	7335179
SSE4	13072	3774	7549286
SSE4	13088	3720	7440600
SSE4	13104	3778	7556812
SSE4	13120	3733	7466264
SSE4	13136	3819	7639154
SSE4	13152	3807	7615507
SSE4	13168	3808	7616746
SSE4	13184	3835	7670511
SSE4	13200	3834	7668298
SSE4	13216	3820	7640309
SSE4	13232	3853	7706950
SSE4	13248	3857	7715386
SSE4	13264	3942	7885818
SSE4	13280	4316	8632785
SSE4	13296	4300	8600794
SSE4	13312	4328	8657034
SSE4	13328	4214	8429869
SSE4	13344	4177	8355921
SSE4	13360	4135	8270389
SSE4	13376	3831	7662866
SSE4	13392	3714	7428547
SSE4	13408	3757	7515658
SSE4	13424	3782	7565442
SSE4	13440	3820	7641186
SSE4	13456	3940	7880053
SSE4	13472	3792	7585281
SSE4	13488	3812	7625164
SSE4	13504	3810	7620336
SSE4	13520	3835	7670568
SSE4	13536	3847	7694113
SSE4	13552	3832	7665359
SSE4	13568	3752	7504593
SSE4	13584	3813	7626406
SSE4	13600	3765	7530278
SSE4	13616	3869	7738488
SSE4	13632	3805	7611870
SSE4	13648	3844	7688132
SSE4	13664	3761	7522297
SSE4	13680	3905	7810747
SSE4	13696	3897	7794511
SSE4	13712	3858	7716559
SSE4	13728	3839	7678638
SSE4	13744	3861	7723560
SSE4	13760	3961	7923523
SSE4	13776	3927	7854172
SSE4	13792	3887	7774048
SSE4	13808	4082	8164998
SSE4	13824	3957	7915797
SSE4	13840	3958	7917487
SSE4	13856	3876	7752023
SSE4	13872	3943	7887437
SSE4	13888	3924	7848357
SSE4	13904	3974	7949632
SSE4	13920	4010	8020982
SSE4	13936	3949	7898366
SSE4	13952	3984	7969535
SSE4	13968	4073	8146389
SSE4	13984	4006	8012730
SSE4	14000	3967	7935057
SSE4	14016	4032	8065473
SSE4	14032	3956	7912207
SSE4	14048	5848	11696394
SSE4	14064	4062	8125240
SSE4	14080	4005	8011308
SSE4	14096	4024	8048404
SSE4	14112	3952	7904529
SSE4	14128	4018	8036451
SSE4	14144	3954	7909592
SSE4	14160	3992	7985800
SSE4	14176	3932	7865603
SSE4	14192	4002	8005471
SSE4	14208	4034	8068167
SSE4	14224	4150	8300780
SSE4	14240	4450	8900421
SSE4	14256	6332	12664263
SSE4	14272	4049	8099140
SSE4	14288	4074	8148257
SSE4	14304	4618	9236311
SSE4	14320	4631	9262317
SSE4	14336	4600	9201816
SSE4	14352	4595	9191374
SSE4	14368	4643	9286136
SSE4	14384	4764	9529794
SSE4	14400	4802	9605369
SSE4	14416	6973	13947711
SSE4	14432	4517	9035232
SSE4	14448	4506	9012886
SSE4	14464	4958	9916605
SSE4	14480	4433	8866954
SSE4	14496	4127	8254721
SSE4	14512	4140	8281713
SSE4	14528	3998	7997638
SSE4	14544	4562	9124232
SSE4	14560	4109	8218006
SSE4	14576	4069	8138479
SSE4	14592	4103	8206574
SSE4	14608	4144	8288063
SSE4	14624	4024	8049660
SSE4	14640	4120	8241073
SSE4	14656	6551	13103400
SSE4	14672	4187	8375851
SSE4	14688	4148	8296891
SSE4	14704	4237	8475806
SSE4	14720	4186	8373320
SSE4	14736	4207	8415600
SSE4	14752	4148	8296113
SSE4	14768	4160	8321346
SSE4	14784	4253	8506451
SSE4	14800	4272	8545326
SSE4	14816	4116	8232715
SSE4	14832	4188	8377530
SSE4	14848	4191	8382415
SSE4	14864	4207	8415588
SSE4	14880	4099	8199232
SSE4	14896	4224	8449085
SSE4	14912	4404	8809866
SSE4	14928	4216	8432527
SSE4	14944	4185	8371082
SSE4	14960	5558	11116928
SSE4	14976	4160	8321786
SSE4	14992	4266	8533301
SSE4	15008	4165	8330978
SSE4	15024	4228	8456552
SSE4	15040	4272	8544753
SSE4	15056	4268	8537856
SSE4	15072	4288	8576337
SSE4	15088	4261	8522606
SSE4	15104	4289	8578743
SSE4	15120	4340	8680253
SSE4	15136	4347	8695336
SSE4	15152	4326	8653828
SSE4	15168	4347	8695921
SSE4	15184	4339	8678613
SSE4	15200	4326	8653245
SSE4	15216	4384	8768466
SSE4	15232	4335	8671847
SSE4	15248	4477	8954780
SSE4	15264	4459	8918666
SSE4	15280	4433	8866267
SSE4	15296	4437	8875743
SSE4	15312	4473	8947346
SSE4	15328	4991	9983908
SSE4	15344	4993	9987244
SSE4	15360	4967	9935028
SSE4	15376	4937	9874598
SSE4	15392	4867	9735693
SSE4	15408	4690	9381299
SSE4	15424	4514	9029689
SSE4	15440	4329	8658582
SSE4	15456	4286	8573362
SSE4	15472	4395	8790297
SSE4	15488	4269	8539893
SSE4	15504	4456	8913076
SSE4	15520	5107	10214678
SSE4	15536	4368	8737889
SSE4	15552	4401	8802655
SSE4	15568	4384	8769770
SSE4	15584	4330	8660125
SSE4	15600	4273	8547038
SSE4	15616	4316	8632618
SSE4	15632	4368	8737248
SSE4	15648	4334	8669568
SSE4	15664	4322	8644084
SSE4	15680	4364	8729490
SSE4	15696	4364	8729831
SSE4	15712	4328	8656612
SSE4	15728	4379	8758788
SSE4	15744	4397	8795256
SSE4	15760	4354	8708963
SSE4	15776	4288	8576220
SSE4	15792	4397	8795312
SSE4	15808	4431	8862075
SSE4	15824	4486	8972770
SSE4	15840	4415	8830117
SSE4	15856	4435	8870544
SSE4	15872	4541	9083758
SSE4	15888	4547	9094936
SSE4	15904	4458	8916351
SSE4	15920	4532	9065300
SSE4	15936	4492	8984210
SSE4	15952	4656	9313121
SSE4	15968	4522	9045554
SSE4	15984	4614	9229343
SSE4	16000	4495	8991540
